13.515140 -0.240580 1.019790 0.767820 4.154430 0.803560 0.131370 0.251340 0.557300 0.292080 0.085870 0.135260 0.194770 0.135490 0.002060 3.393580 0.134210
16.644150 -0.669750 0.726860 1.056730 2.587530 1.507410 -0.259350 0.238950 0.376820 0.194410 0.172140 0.112990 0.163450 0.045220 0.446640 6.706610 0.139630
11.863660 -0.279650 0.527060 0.564740 0.318090 1.382160 -0.113300 0.295310 -0.625430 -0.427060 0.121530 0.021200 0.173220 0.072290 0.488720 6.539640 0.163610
18.584830 0.163290 1.891880 0.989810 2.091430 1.736620 -0.031440 0.260900 -0.897600 0.634600 0.124750 0.176610 0.258550 0.148740 -0.247200 3.307680 0.138640
10.085140 -0.202740 1.839060 0.615810 3.988360 0.512820 -0.200490 0.157980 -0.866380 -0.882120 0.187530 0.033380 0.299580 0.079360 0.091360 7.003230 0.134490
10.867810 0.072540 0.561720 1.486310 1.151930 1.686710 0.065050 0.132180 0.627610 0.156240 0.042720 0.030270 0.205520 0.127150 -0.478920 2.208730 0.155780
19.959200 0.469980 1.374000 1.331010 1.083200 0.466210 0.073230 0.183450 0.648260 1.174490 0.088810 0.085620 0.140660 0.117510 0.275470 2.153260 0.162760
11.997390 0.351070 1.476320 1.361120 0.845870 0.932950 0.147820 0.207240 -1.062660 1.936680 0.161740 0.067700 0.236760 0.126100 -0.665830 2.330450 0.163300
10.825050 -0.057020 1.960410 1.441350 2.109200 1.377940 0.231980 0.231330 0.067990 -0.840410 0.130100 0.114730 0.249740 0.141910 -0.203980 7.845020 0.150080
18.088930 -0.382530 1.809240 0.942570 3.207140 1.229030 -0.138830 0.277840 -1.216840 0.713840 0.080850 0.105120 0.227960 0.119920 -0.685100 6.232570 0.153140
17.187040 0.653500 1.869170 1.139290 1.585960 0.939440 0.235980 0.268360 -0.549480 1.999380 0.047940 0.025360 0.207780 0.066450 -0.694230 3.188430 0.152400
15.559400 0.294980 1.626160 0.713090 0.331070 1.151840 0.070740 0.241810 0.146080 -0.623530 0.139560 0.148640 0.283650 0.026440 -0.518260 3.260720 0.150350
10.162300 -0.507090 1.438060 0.953420 4.364260 0.784380 -0.289400 0.137660 0.839850 -0.139430 0.128370 0.153010 0.284600 0.030580 0.737390 7.508600 0.163390
15.137090 -0.249340 1.862770 0.781500 0.836240 1.809800 0.174090 0.200620 -0.257730 -0.385820 0.057010 0.042780 0.201650 0.037660 0.403590 2.752860 0.161740
10.596090 -0.106760 1.748540 0.765350 3.770610 0.419670 0.250050 0.285380 0.448090 -0.709690 0.072560 0.147870 0.292560 0.107690 -0.172810 2.920980 0.156620
18.914020 0.089000 0.906500 1.421680 0.955810 1.263600 -0.070550 0.192970 -1.385680 -0.011800 0.133940 0.107770 0.255720 0.121150 -0.549220 4.263290 0.143960
16.962040 -0.450750 0.749540 1.260520 4.245460 1.570190 0.076950 0.223320 0.476050 -0.712680 0.091090 0.064770 0.195180 0.073570 -0.390030 2.691010 0.162030
18.394230 0.412470 1.088670 1.431590 1.742210 1.645530 -0.083880 0.280910 -1.068390 -0.502830 0.062790 0.107650 0.160300 0.062110 0.726950 7.014440 0.147050
13.392280 -0.126130 1.470380 0.619340 1.202660 1.392010 0.022650 0.178640 -0.604730 -0.214840 0.056660 0.123140 0.264350 0.130730 0.540560 4.453270 0.134130
10.798490 -0.519120 0.447800 1.174620 0.368020 0.392430 -0.205290 0.271350 -0.934870 0.385220 0.163470 0.114260 0.291010 0.035560 -0.778560 5.117220 0.134580
12.270720 0.378760 1.393620 1.428600 4.445560 0.720360 0.154910 0.224370 -0.072350 0.330260 0.086220 0.039980 0.277720 0.048630 0.295450 3.173250 0.154970
19.808690 0.521210 1.843960 0.901440 3.991330 1.721560 0.030910 0.248110 0.106030 0.310620 0.106630 0.038590 0.242610 0.146320 0.319630 7.418420 0.159610
14.458370 -0.006200 1.684670 0.753390 0.968720 1.422620 -0.179220 0.269370 0.514110 0.685140 0.139880 0.104990 0.246180 0.113720 0.056060 4.663850 0.146810
15.895860 0.173320 0.413770 0.755030 1.305700 1.047020 -0.246450 0.199450 -0.778110 -0.323550 0.186490 0.160960 0.259770 0.106810 -0.278590 5.028530 0.140320
11.184400 0.611420 1.847530 1.070630 0.117820 1.197160 -0.287840 0.219240 -1.403430 -0.907780 0.130860 0.149670 0.243600 0.031320 0.579440 7.748360 0.136010
18.502270 -0.498160 0.606040 1.238630 0.770080 1.662280 -0.140170 0.191250 0.885720 1.707580 0.010830 0.136490 0.282650 0.055700 0.198050 3.180200 0.133360
13.404890 -0.403720 1.416840 1.325450 3.802690 1.604150 0.042320 0.198880 -1.741580 -0.240240 0.150800 0.086510 0.212960 0.098910 0.262640 4.510430 0.154840
13.561480 -0.695130 1.214720 0.968690 0.880840 1.851430 -0.258930 0.299570 0.533570 1.034320 0.033290 0.073520 0.197760 0.041670 -0.287620 5.966210 0.157560
18.017860 -0.034080 1.350930 0.842130 3.393470 1.319220 0.178150 0.179640 0.548860 1.167040 0.144990 0.071650 0.156770 0.063110 -0.158220 3.052010 0.144210
14.964830 0.346780 1.667110 1.278370 1.966100 0.537730 0.227630 0.228020 -0.488240 0.783700 0.169300 0.023180 0.182980 0.028120 -0.190560 6.275590 0.132130
16.857420 -0.274180 0.836720 0.779370 4.539560 0.885080 -0.074490 0.259190 0.196100 -0.273690 0.021880 0.195720 0.126380 0.056470 0.712910 3.064140 0.138360
13.204330 -0.580950 1.122590 0.772070 0.982690 0.773750 0.002660 0.161940 0.941790 0.390250 0.145730 0.043990 0.228650 0.138050 0.641420 2.636640 0.162070
17.002080 -0.552160 0.488040 0.706300 0.146550 0.844180 -0.203770 0.235890 0.038430 0.397490 0.102400 0.152520 0.185440 0.052640 0.254810 3.522660 0.160500
18.934220 0.678030 0.620450 1.227660 0.623960 1.281110 0.204000 0.197400 -0.579720 0.134810 0.196770 0.087500 0.217670 0.028670 0.735950 2.131750 0.158940
18.054460 0.117010 1.502600 0.918970 3.656920 0.604340 0.052230 0.223160 -0.586390 1.607600 0.156730 0.047790 0.236070 0.100070 0.332160 5.306370 0.147960
18.947070 0.590380 0.800390 1.332850 4.422740 0.586890 0.037000 0.228540 0.501570 1.510150 0.163690 0.170690 0.150130 0.088310 -0.689690 5.229910 0.160600
13.809990 0.076930 1.251740 1.088250 3.035120 0.677360 0.001850 0.204110 0.010440 0.802570 0.131560 0.070240 0.167170 0.076100 0.248280 4.798190 0.141080
16.724840 -0.649280 0.543020 1.488310 0.067400 0.813710 -0.257520 0.147900 0.445390 1.376930 0.175480 0.137020 0.196120 0.118070 -0.653770 2.361450 0.140440
17.480420 0.106750 1.835590 0.841490 4.138600 1.601540 -0.182350 0.136870 -1.166320 1.646490 0.129830 0.021720 0.179290 0.142230 -0.039570 2.319290 0.164390
16.530260 0.004510 1.717000 0.818600 3.202110 1.163650 -0.026540 0.208910 0.412170 0.748670 0.123120 0.077830 0.177920 0.114530 -0.023260 4.203340 0.150750
19.404190 -0.124520 0.993480 1.385060 4.564930 1.834620 0.039990 0.257390 -1.789390 -0.488790 0.082840 0.093850 0.259150 0.120960 -0.709150 2.085580 0.139980
15.040960 0.029130 1.456590 1.470410 2.076180 1.158380 -0.214830 0.247480 -0.304140 -0.847690 0.141300 0.056260 0.122210 0.143170 -0.059680 3.944990 0.130850
14.353940 -0.374010 0.941440 0.746060 2.404340 1.490060 0.123210 0.184530 0.467040 0.571930 0.093280 0.180030 0.233920 0.085460 -0.170210 5.498940 0.147530
19.638150 0.389960 0.951410 0.743460 0.856410 1.609620 0.013020 0.285820 0.021320 0.860030 0.099060 0.040870 0.273250 0.045940 -0.108720 6.844180 0.135420
11.132820 -0.414870 1.738230 1.485780 3.076670 0.591760 0.278100 0.267800 0.203690 0.983590 0.039650 0.183620 0.143330 0.053910 0.681860 5.324130 0.146650
15.571690 -0.050000 0.624080 1.116020 3.278620 1.998200 0.162950 0.147010 0.860010 0.217820 0.167970 0.153830 0.240670 0.136430 -0.349100 2.850470 0.139520
14.522300 0.549820 1.186200 1.202900 4.324880 0.540320 -0.018850 0.240650 -1.448950 -0.944330 0.051170 0.050920 0.295150 0.134500 0.501690 7.553070 0.132500
13.837840 -0.116360 0.483580 0.925190 4.631340 1.081460 -0.250970 0.264630 0.239160 1.477270 0.155530 0.118130 0.280460 0.029190 0.716100 3.921910 0.142460
16.220660 0.530100 1.016850 1.436780 0.534560 1.426720 -0.237720 0.238550 -1.542980 1.432740 0.060900 0.120400 0.223350 0.042060 0.104100 7.111020 0.162870
16.306870 0.072980 1.335810 1.241040 1.565390 1.186110 0.078340 0.267140 -1.388760 -0.062430 0.096760 0.128980 0.202540 0.068990 -0.502600 5.927840 0.152600
17.586840 0.646790 0.540620 0.691500 1.826940 1.399430 -0.081570 0.230310 -1.246660 -0.307240 0.053120 0.174500 0.258800 0.040410 -0.616110 6.592680 0.148470
19.159470 -0.472400 1.989700 0.725090 3.929380 0.850840 -0.012200 0.294320 -0.741350 -0.988820 0.072940 0.092260 0.244390 0.128350 0.439550 6.753900 0.146410
10.244090 -0.454420 1.214170 0.776210 4.136280 1.544030 -0.029640 0.282290 -1.371240 1.918120 0.093950 0.065920 0.126530 0.027650 0.019610 7.831080 0.149720
18.786640 -0.503840 1.741710 1.165070 1.234670 1.818870 -0.087570 0.194220 0.877260 0.954940 0.034130 0.030960 0.238140 0.113980 -0.775790 3.528020 0.145410
11.350710 -0.274900 1.534340 0.834720 3.639770 0.441530 -0.059590 0.191170 0.368820 1.856760 0.092220 0.101270 0.272560 0.108070 -0.193380 4.853040 0.152770
13.378880 -0.309520 1.589110 0.902730 0.196210 0.413540 0.014260 0.282840 -1.694340 -0.641680 0.101080 0.037010 0.168890 0.140050 0.613050 7.871320 0.137120
19.343680 0.279250 0.358970 0.656580 0.287380 1.978960 -0.293200 0.256510 -1.961680 -0.476050 0.069950 0.091170 0.141160 0.099760 -0.454330 2.679000 0.140700
17.082010 0.696920 0.426470 1.178340 1.668250 1.752180 0.034250 0.166500 0.792820 1.138480 0.046970 0.191560 0.226490 0.039080 0.482900 7.800650 0.137480
10.303570 -0.409310 1.563940 0.510360 0.221840 1.329230 0.187680 0.200040 -1.848040 -0.770750 0.178020 0.108520 0.121660 0.050900 -0.589820 4.957470 0.130690
18.436390 -0.542090 0.964730 0.662320 0.589990 1.359010 0.170570 0.288240 -1.926640 0.283170 0.166890 0.134340 0.204630 0.139270 0.603950 7.630880 0.156570
19.534460 0.693930 1.972740 0.956050 3.519200 1.580530 0.057480 0.210740 -1.982550 0.362280 0.047350 0.035490 0.278430 0.086190 -0.752440 6.918630 0.132980
11.437960 -0.620330 0.594460 0.543400 0.334160 1.288520 -0.269220 0.174030 -1.836750 -0.399360 0.118410 0.143160 0.262770 0.083260 0.214950 4.975000 0.150690
14.551580 0.387060 0.633540 1.097050 1.766380 1.784150 0.258260 0.254980 0.583530 0.167840 0.089610 0.186460 0.250570 0.059490 -0.238060 3.870960 0.154250
14.422800 -0.223960 1.124210 1.145590 3.781040 1.607720 0.246500 0.298070 0.671000 1.383880 0.093050 0.105460 0.227240 0.147390 0.751720 6.578340 0.150390
13.463990 -0.247790 0.664540 0.806850 3.307710 0.770310 -0.232820 0.195170 0.062510 0.344100 0.143630 0.144370 0.244660 0.067990 -0.260670 6.696670 0.136740
17.680030 0.353260 0.584100 1.032510 4.912100 1.331250 0.189360 0.290020 -1.896840 0.087950 0.098680 0.028080 0.134100 0.039330 -0.125010 2.608370 0.137730
14.482040 0.367880 0.775140 0.804840 1.832280 1.024360 0.265480 0.207990 -0.399420 1.535510 0.096100 0.089980 0.215310 0.096640 0.451130 4.433740 0.147430
12.208850 -0.024510 0.683010 1.124070 2.845300 1.567670 0.044250 0.202590 -0.429730 1.068130 0.166150 0.062750 0.172610 0.083860 0.096610 5.529000 0.143680
17.113510 0.152740 0.914120 1.314310 3.093730 1.091440 -0.164980 0.188880 -0.576100 0.694290 0.097390 0.085660 0.219970 0.147130 0.555870 5.557940 0.152470
19.851170 -0.029730 1.745850 1.001600 1.658960 0.629220 -0.189690 0.273100 -1.581110 1.274220 0.183120 0.143690 0.158920 0.046360 0.083890 6.284460 0.159200
19.905350 -0.430770 0.892400 1.340330 1.871390 1.636670 0.126510 0.140500 0.984360 1.866260 0.113090 0.052820 0.220610 0.090870 0.718490 7.593700 0.141590
14.778310 -0.344500 0.335790 1.065990 3.065290 1.632400 -0.148090 0.132860 0.221560 0.132960 0.018520 0.019480 0.232090 0.036640 -0.432560 4.948240 0.141270
13.677700 0.199300 0.347620 1.481070 1.595670 1.370350 -0.264890 0.256420 0.078690 -0.704770 0.154510 0.089290 0.128110 0.088720 -0.785480 6.066670 0.160820
15.097930 0.133710 0.703260 0.808410 1.638760 1.207130 0.107100 0.149220 0.047010 -0.620330 0.187450 0.075350 0.276740 0.081980 -0.362710 3.701080 0.146460
13.103200 -0.539010 0.355170 1.396170 1.703540 0.480530 0.135440 0.228990 -0.946020 -0.321530 0.077700 0.081590 0.123120 0.134530 -0.551820 7.368840 0.139780
14.368430 -0.450800 0.550830 0.732230 0.650640 1.582550 -0.275580 0.173570 -0.376690 -0.076950 0.087280 0.139450 0.168060 0.080470 -0.355310 7.619400 0.141410
19.308220 0.600410 1.419290 1.155250 0.057310 1.778070 0.256400 0.257650 -1.326850 1.630510 0.064920 0.126520 0.121130 0.144430 -0.672220 6.931560 0.149580
12.542920 -0.324550 0.619350 1.049530 2.388490 1.457910 0.037280 0.207850 -0.184930 -0.491810 0.120170 0.103530 0.272180 0.110230 0.135710 4.402070 0.143540
16.865260 -0.310840 1.428570 1.078190 2.645670 0.850230 -0.089530 0.260330 -1.037770 0.917880 0.103020 0.111800 0.227550 0.073840 0.233310 4.631160 0.140400
13.721650 0.660970 0.506320 1.245760 4.262530 1.077140 0.195330 0.286760 -0.147620 -0.950860 0.088120 0.196650 0.159370 0.097960 0.062110 5.940780 0.131270
13.844330 0.032780 0.494890 1.268630 1.642920 1.255350 -0.153970 0.261130 -0.141610 1.158270 0.066800 0.076580 0.212220 0.101430 -0.347220 4.485080 0.152290
19.790560 -0.234880 0.954550 1.463940 4.514750 0.880050 -0.016750 0.159490 -1.950060 1.233150 0.181830 0.170810 0.243110 0.097670 0.770710 6.905620 0.135220
17.716660 -0.324810 1.941630 1.313990 2.354620 0.368430 -0.193420 0.289430 -0.394260 1.988360 0.118950 0.061840 0.191980 0.114130 -0.160270 5.605380 0.136220
11.762240 0.537920 1.245800 0.937590 3.614850 1.620410 -0.126660 0.231130 -1.743220 0.124020 0.125560 0.142860 0.159920 0.123580 0.224090 4.998660 0.146070
14.633250 0.552480 0.686680 0.895960 2.836910 1.941060 -0.035820 0.252750 0.642730 0.873370 0.073710 0.140530 0.149230 0.139650 -0.522530 7.074350 0.155410
17.061640 -0.427080 1.936380 1.364470 2.767360 1.613980 -0.274120 0.135200 -0.921910 1.351320 0.108770 0.183850 0.261370 0.046520 0.693950 3.031840 0.161910
15.754330 -0.305420 1.069200 1.366210 3.712840 1.309210 -0.147110 0.201060 -0.504300 0.497400 0.084380 0.086930 0.158590 0.103670 0.173850 6.773950 0.146780
15.640820 -0.170720 1.866370 0.992500 4.269260 1.404910 -0.021610 0.153890 -0.512430 -0.836600 0.136810 0.182400 0.296160 0.054810 -0.399200 5.357130 0.151620
17.832350 0.147730 1.355150 1.386280 3.312300 1.624200 0.209300 0.174890 0.873540 1.451300 0.155770 0.190160 0.277530 0.077770 0.622860 2.359700 0.157460
17.934200 0.697250 0.310060 0.576210 0.525670 0.357250 -0.169330 0.289740 -1.240860 0.743160 0.014180 0.109300 0.149080 0.109770 -0.563890 7.098640 0.135380
15.161530 -0.293310 1.136190 0.985760 2.215690 1.412540 0.097610 0.243730 -0.164240 0.504280 0.110030 0.092810 0.186280 0.108420 -0.300390 4.376670 0.145140
16.466090 0.300380 1.508760 0.768760 2.132290 0.644020 0.156150 0.288970 -1.012130 1.645660 0.141850 0.166820 0.197440 0.037980 0.773690 2.705400 0.143110
15.530540 0.227430 1.156420 0.928730 3.534510 0.632530 0.128380 0.170540 -0.207490 -0.258440 0.116430 0.066300 0.233620 0.073390 -0.386400 6.747490 0.140790
15.729860 -0.180800 0.827970 1.059390 1.806280 1.436970 0.069040 0.184290 -1.331580 1.404810 0.127650 0.110940 0.203520 0.113360 0.180480 6.498200 0.146130
19.888590 -0.417520 1.094370 1.044950 0.645210 1.520080 0.239280 0.291630 -0.739530 -0.956320 0.198340 0.199480 0.120010 0.132590 -0.450810 4.081730 0.142680
11.277800 -0.636740 1.911840 1.379630 0.206020 0.620840 0.186830 0.133200 0.817390 0.286470 0.164240 0.036840 0.174280 0.100630 -0.594930 7.924920 0.144220
14.473950 0.111470 0.826840 1.012940 2.408160 1.132350 -0.087930 0.208850 -1.198380 0.434280 0.123460 0.077590 0.173770 0.061280 0.116860 4.617810 0.145500
15.413690 0.035650 1.754310 0.649580 1.492400 1.893970 -0.050030 0.196400 -1.460240 0.220190 0.171620 0.054070 0.218950 0.064760 -0.569380 7.935190 0.138860
13.041420 -0.297200 1.929680 0.617690 3.571280 0.820510 -0.157190 0.296780 0.261080 -0.438830 0.197310 0.115240 0.272760 0.098020 -0.783620 6.400630 0.150470
18.461220 -0.347990 1.031260 1.213160 1.957490 1.634090 0.157960 0.229400 -1.235470 -0.431940 0.189240 0.162140 0.166680 0.066820 -0.149420 7.028670 0.148140
16.799940 -0.359400 1.566950 0.729770 1.326020 1.486610 0.017190 0.209470 -1.229300 1.314100 0.177760 0.097330 0.148760 0.076620 0.326150 5.840640 0.149010
11.505270 0.308000 1.890840 1.415060 0.160500 0.335770 -0.048490 0.188780 -1.725730 1.908080 0.044650 0.053570 0.259380 0.048220 0.265800 5.577210 0.136090
10.679450 -0.243800 1.531850 1.490820 2.798320 1.829980 0.113960 0.144130 0.663050 1.247570 0.097440 0.108130 0.292360 0.059020 -0.543780 7.578700 0.160360
14.024640 0.079240 1.343920 1.148100 1.472900 0.914250 0.118510 0.220070 -0.927130 0.839950 0.079290 0.100530 0.167830 0.080080 0.032960 2.525000 0.142560
15.019680 0.084780 1.612320 0.896980 2.947400 1.169850 0.095280 0.202800 0.085970 -0.579550 0.190100 0.122730 0.202080 0.136520 -0.430460 4.608100 0.164960
15.906030 -0.529550 1.322070 0.723530 3.590470 0.761620 0.215610 0.199030 0.396170 0.626420 0.049520 0.065560 0.156230 0.120090 0.511770 6.078140 0.138950
12.816380 -0.296290 1.145090 1.053270 2.875900 1.008070 0.098880 0.242420 -0.266960 -0.160740 0.133490 0.101850 0.147410 0.093680 0.349720 4.280360 0.155110
14.106020 0.184200 0.822190 0.862710 2.142750 1.218460 -0.009750 0.187010 -0.297460 0.806180 0.057180 0.079790 0.194410 0.069300 -0.336050 5.469640 0.148690
10.525730 0.675460 1.330330 0.523460 4.844560 0.876690 0.172760 0.290290 -1.888430 -0.809420 0.168960 0.015580 0.221670 0.091930 -0.499910 7.998190 0.154730
13.225090 -0.557960 1.324370 0.939400 3.562070 0.946140 -0.185860 0.265150 -0.451790 0.469130 0.185810 0.188820 0.199070 0.044420 -0.540140 5.431170 0.140190
13.993160 0.013960 1.635580 1.130660 1.143510 0.955210 0.111470 0.234650 -0.709270 -0.150480 0.095350 0.164550 0.182370 0.131820 -0.073120 4.497670 0.133690
16.709170 0.328310 0.776860 1.290520 1.293090 1.170900 0.195840 0.270240 -1.872990 0.924390 0.100130 0.063950 0.252540 0.126470 0.460160 4.539810 0.145290
19.821760 -0.656030 1.798540 1.466540 2.982070 1.837100 -0.107810 0.181910 -1.302650 0.227500 0.062270 0.074250 0.132790 0.145650 0.667700 5.190810 0.162220
17.463320 -0.299810 1.041560 1.157750 2.594360 1.947840 -0.296200 0.227660 -0.193110 0.893540 0.120990 0.150160 0.184260 0.102320 -0.401110 2.823060 0.145730
17.132990 -0.302980 1.349120 1.093560 3.114310 0.731030 -0.288790 0.192090 -0.762790 0.722780 0.116000 0.057400 0.250770 0.047210 -0.519350 2.341820 0.142610
11.143260 0.482790 1.673390 1.374300 1.497970 1.807490 -0.245280 0.155850 -1.091920 0.512040 0.146730 0.011140 0.236510 0.131580 -0.529480 6.428760 0.138010
12.038320 -0.129030 1.361750 1.211300 0.013850 1.291960 -0.272510 0.258780 0.616170 -0.406860 0.193950 0.180560 0.298970 0.141640 0.608360 4.582660 0.164030
12.469920 -0.165070 0.387720 0.856410 1.945030 0.808910 -0.074030 0.251850 -0.568950 0.352080 0.083140 0.163400 0.169840 0.137760 0.149340 4.520370 0.143390
12.975380 0.154670 1.824160 1.461580 4.755110 0.781580 0.245430 0.256960 -1.128060 1.578640 0.193900 0.194760 0.251250 0.149580 0.429310 7.319090 0.159630
10.298440 0.625880 1.243280 1.041450 4.172540 1.232200 -0.218800 0.297800 0.749950 -0.918150 0.051760 0.173280 0.238620 0.146770 0.656230 7.498090 0.163810
12.128860 0.099960 0.492830 1.235500 3.686010 0.722310 0.241800 0.255360 -0.875880 1.114040 0.011670 0.167580 0.199410 0.086790 -0.717120 3.145980 0.161570
14.183050 0.670230 0.722140 0.873030 1.064420 1.728030 -0.236690 0.276680 0.693440 0.189750 0.019510 0.042360 0.142250 0.104190 0.700020 4.750730 0.136550
14.070850 -0.445590 1.592900 0.876720 0.206610 0.333420 -0.116390 0.193890 -0.079980 -0.928130 0.029460 0.030820 0.292940 0.142750 -0.282150 2.957440 0.137810
14.129230 0.575100 1.856680 0.686830 0.046630 0.542500 0.059450 0.150270 0.745900 1.829260 0.012480 0.148940 0.144890 0.144740 0.485580 3.477050 0.142480
14.040000 -0.361860 1.158120 1.015350 4.337620 0.749320 -0.131760 0.157630 -1.446900 0.420550 0.088500 0.137360 0.137590 0.092100 0.358430 2.756730 0.141690
18.614700 -0.675790 1.430120 1.069090 0.726900 0.486150 0.280000 0.274110 0.371920 0.946260 0.058240 0.190810 0.288570 0.118960 0.619250 3.609050 0.130340
15.113700 0.015240 1.735320 0.734250 2.552140 1.098000 -0.188180 0.150980 -0.808000 1.251250 0.070060 0.161770 0.192930 0.121490 -0.265870 5.127540 0.149420
12.077290 0.377060 0.416030 1.405110 1.712550 0.896150 0.194250 0.167260 -1.408120 0.866080 0.170640 0.131020 0.215620 0.030810 -0.583490 5.876750 0.144440
16.997540 -0.105370 1.319890 1.029100 4.082080 1.923410 -0.298310 0.243240 -1.317460 -0.464600 0.119530 0.122080 0.253750 0.115950 0.389070 6.260490 0.140120
14.798580 -0.563360 1.148750 0.620020 1.310670 0.462670 0.229600 0.189370 -1.976710 0.006960 0.056220 0.068670 0.245420 0.025390 0.759760 6.663130 0.146890
11.383990 0.527440 1.307530 0.629560 0.169210 1.553590 -0.167660 0.156840 0.731020 0.582810 0.164980 0.083210 0.270950 0.049860 0.433850 4.441150 0.144810
11.103420 0.020200 1.778290 1.219470 3.718170 0.778920 -0.084540 0.227040 -1.355530 1.178210 0.174070 0.182580 0.211170 0.055400 0.400360 3.742790 0.153070
18.750860 0.083610 0.673340 0.750920 3.097870 1.591680 0.180060 0.241350 0.834400 0.788880 0.034720 0.176310 0.199710 0.127750 -0.011750 4.735190 0.139350
17.291270 0.428220 1.698180 1.143680 2.256500 1.701690 0.283020 0.216830 0.911560 1.597400 0.181650 0.192840 0.284290 0.062320 -0.446740 7.768640 0.133840
13.693890 0.177390 0.451930 1.228720 1.880310 1.111800 0.198220 0.146200 -0.965900 0.859210 0.061340 0.168320 0.207940 0.094270 0.238200 3.316340 0.134950
12.051650 0.602760 0.571440 0.870020 1.910940 0.794890 -0.262630 0.272380 -0.483530 -0.455150 0.024470 0.080280 0.286120 0.056590 0.762300 5.242380 0.144030
11.005200 0.499540 1.327060 1.251400 1.786250 1.813990 -0.241130 0.221390 -0.455600 1.309420 0.120230 0.109860 0.265790 0.125590 0.794700 6.552850 0.136270
18.276720 -0.316410 0.910830 1.327950 3.645870 1.758530 -0.166110 0.271750 0.925620 1.544930 0.127020 0.040570 0.289650 0.049700 0.601160 4.225030 0.158240
18.671450 -0.523850 0.632630 1.285410 1.773950 1.656110 0.208510 0.227420 0.740370 1.790080 0.078130 0.094600 0.161200 0.130920 -0.231980 3.339720 0.164920
12.821260 0.503460 0.627720 0.980840 0.488230 1.793550 -0.277040 0.183800 -0.194040 0.719520 0.032510 0.130280 0.200620 0.067400 0.129940 4.592720 0.152040
16.493670 0.607430 0.603250 0.917600 4.476470 0.344390 -0.231450 0.281250 -1.631280 0.452590 0.036440 0.107200 0.298160 0.140360 -0.720650 4.782820 0.153350
14.851320 0.120020 1.923850 0.674040 3.817940 1.872860 -0.002830 0.177840 -0.699760 1.758130 0.020730 0.067080 0.276390 0.040040 -0.211040 3.852270 0.137170
18.848880 0.557640 1.780760 0.944670 4.054840 1.054080 -0.032920 0.143500 -1.184340 1.771860 0.107650 0.028910 0.245730 0.094000 0.660510 2.041110 0.135150
18.487070 -0.634530 1.568690 0.685780 3.294510 0.619070 -0.270530 0.278520 0.302660 0.640660 0.064380 0.168930 0.127010 0.139790 -0.486390 2.535210 0.154100
14.651180 0.095320 0.799370 0.866280 2.582580 1.236740 -0.241890 0.215130 -0.773510 -0.526210 0.157890 0.078330 0.152420 0.071310 -0.031690 2.739630 0.144940
16.923410 -0.578620 1.978610 0.845480 4.644900 1.952150 0.081190 0.168730 -1.588410 0.529220 0.126140 0.184510 0.143820 0.055860 0.143490 5.796400 0.137250
12.903050 0.542970 1.975830 1.309190 1.133560 0.970240 -0.208790 0.284610 0.805740 -0.056120 0.113640 0.063460 0.191070 0.145070 -0.054300 5.741570 0.156440
11.946360 -0.693160 0.310470 1.476250 4.831280 0.428710 -0.247910 0.178530 -1.878700 0.590310 0.166220 0.094890 0.136240 0.031130 -0.587230 3.580930 0.155670
11.606520 -0.020240 0.998750 1.127830 2.361660 0.791360 -0.129960 0.233430 -0.984760 0.556040 0.127220 0.056510 0.245070 0.130420 -0.365840 7.980330 0.144760
11.441570 0.256490 1.763110 1.259940 4.176460 0.341300 0.266400 0.152990 0.613770 0.019350 0.094870 0.138180 0.152860 0.149910 0.328210 3.357290 0.160720
10.207580 -0.254380 1.376400 1.136640 4.615750 1.440270 0.025800 0.230680 -1.701430 0.245340 0.066360 0.048560 0.279370 0.029670 -0.747390 7.817020 0.162650
11.481870 0.447530 1.546910 0.738870 2.563790 1.463470 -0.266450 0.141140 0.194910 1.820560 0.028880 0.029750 0.138510 0.027110 0.392260 4.677330 0.133250
10.981290 -0.053620 0.883310 0.568480 0.757390 1.878560 0.270670 0.193470 0.339840 -0.186150 0.014910 0.173730 0.298560 0.144770 0.157250 5.868270 0.155180
17.435360 -0.120870 0.783830 0.581130 3.752070 0.595710 0.015950 0.161290 0.714640 1.203870 0.081080 0.196300 0.193920 0.039580 0.072960 7.214680 0.142020
10.057820 -0.682990 1.261940 0.908040 0.083880 1.900850 0.128720 0.264200 -0.130440 0.337320 0.155090 0.073180 0.231890 0.054170 0.559830 2.074990 0.136850
17.506770 0.225410 0.653790 0.639560 4.067450 0.747350 -0.053000 0.276340 -0.678690 -0.685380 0.080110 0.108950 0.206070 0.052490 0.399390 6.877350 0.164600
13.330480 0.298180 0.730040 1.201340 4.804490 0.436760 -0.129460 0.175300 0.045190 1.804750 0.026230 0.177430 0.129580 0.091460 0.777640 6.457270 0.134440
12.174510 0.397890 1.576800 1.287700 1.044880 1.324840 0.123920 0.212830 0.893320 1.357410 0.022720 0.014380 0.295780 0.116360 0.776360 5.617680 0.160390
14.592730 -0.431250 1.514380 1.185390 0.978440 0.975910 -0.127420 0.252470 -0.637890 -0.339290 0.153360 0.103000 0.200970 0.070640 -0.457610 4.154020 0.151110
16.195980 -0.333240 0.650490 1.357020 1.018730 1.084870 0.102660 0.222480 0.153980 -0.021380 0.030070 0.182010 0.275510 0.105970 0.393960 5.833780 0.149500
18.405310 0.175540 1.980160 0.874300 1.172550 1.651230 -0.180120 0.190840 -0.419030 0.104260 0.094600 0.058150 0.136930 0.087300 -0.207290 2.883340 0.149320
19.614890 0.402920 1.897640 0.585490 3.263650 0.866050 0.224950 0.236940 -0.440910 0.025930 0.054500 0.175270 0.197170 0.051990 -0.623490 5.703560 0.157720
17.565570 -0.117920 0.850310 0.930300 0.407210 0.908520 -0.171350 0.203300 -1.180690 1.745590 0.093990 0.027280 0.175360 0.138800 -0.677370 5.455490 0.149910
16.354290 -0.201140 1.696570 0.549640 4.897950 0.521160 0.089100 0.228820 -0.715750 1.852990 0.195740 0.025720 0.273430 0.033070 0.582620 4.104770 0.134270
10.265630 -0.462240 0.381930 1.435620 2.854360 0.380170 0.121580 0.254580 -1.904670 0.250100 0.038730 0.017270 0.221460 0.043510 0.284840 7.429550 0.136890
18.116790 -0.148450 1.381120 1.339690 3.899740 1.575940 -0.025070 0.188140 -0.322210 1.447810 0.117690 0.123430 0.157460 0.079610 -0.340550 5.545920 0.151750
14.088980 -0.158760 1.693980 0.658480 3.181500 0.672090 -0.209490 0.226650 0.117580 -0.126010 0.106070 0.041400 0.202390 0.134930 0.252740 3.433090 0.148070
13.616590 -0.604780 1.192570 0.587070 0.377490 0.649740 -0.095390 0.142970 -1.575840 1.658420 0.178770 0.172100 0.160540 0.047930 -0.595900 5.519600 0.160910
10.032760 0.205750 0.760860 1.499040 2.456920 0.373570 -0.155910 0.286540 0.947310 0.586160 0.015660 0.082440 0.141360 0.084890 -0.799190 3.446500 0.141700
13.592740 0.261940 0.974010 1.034690 2.000370 0.871270 0.067590 0.208460 -0.722390 1.080510 0.104130 0.132620 0.214200 0.109580 0.209340 5.380540 0.150550
19.928170 -0.263110 1.921490 0.531390 3.665370 0.329030 0.011250 0.157520 0.594040 0.200140 0.196570 0.082610 0.224420 0.074310 0.594390 5.923960 0.152130
12.006680 -0.570880 1.785790 1.465900 4.278800 1.733690 -0.091250 0.297070 0.006660 0.819650 0.110600 0.026030 0.246370 0.128660 -0.509510 4.745030 0.153940
19.483280 -0.591120 0.819290 0.761760 4.482540 1.695130 -0.124930 0.135940 -0.066250 0.881980 0.068750 0.098190 0.124790 0.032890 -0.534190 3.468480 0.163990
15.434470 -0.408130 1.954960 1.091720 0.711920 0.687720 0.197050 0.160300 0.230970 1.719250 0.075410 0.048000 0.222790 0.117290 0.041890 5.783980 0.158840
14.604710 -0.133710 1.906180 0.824630 4.685360 0.855590 0.015270 0.142040 -1.221760 0.206530 0.031260 0.042190 0.278330 0.100840 -0.333550 3.272430 0.154630
14.415180 0.365850 1.275370 1.158880 0.830100 1.390550 -0.207040 0.283300 -1.455740 -0.036620 0.023270 0.106010 0.148310 0.135180 -0.182990 2.460690 0.156850
15.630030 -0.424840 1.527120 0.784360 3.905780 1.707240 0.130790 0.288460 0.966260 -0.099530 0.180930 0.065420 0.299990 0.026160 -0.601430 2.298620 0.162150
11.044670 -0.086350 1.588470 1.054720 2.244670 1.455770 0.167920 0.191700 -0.824660 -0.924090 0.195250 0.099320 0.164140 0.057290 0.721100 6.048820 0.139720
12.516350 -0.639870 1.656720 1.388090 3.359670 1.648570 0.046010 0.226210 -0.520990 1.484580 0.103310 0.060400 0.133690 0.054290 -0.725590 3.754950 0.132380
16.777490 -0.060900 1.303990 1.063630 2.535540 1.385700 -0.146120 0.205170 -0.999650 0.541750 0.141910 0.096040 0.186190 0.072690 -0.045990 4.467730 0.148210
10.567600 0.557050 0.596500 1.206980 0.603020 0.577250 -0.159650 0.143870 -1.973040 0.078680 0.089220 0.036100 0.269180 0.121500 0.341830 2.251320 0.133750
17.662620 0.049350 1.484550 0.677690 0.802910 0.669460 -0.102320 0.217320 -1.506250 0.060140 0.091660 0.188400 0.222530 0.111320 0.185970 6.640370 0.158150
12.957360 0.181670 1.057860 1.188290 3.134490 0.988850 0.211080 0.155130 -1.368350 1.107480 0.081940 0.046970 0.264980 0.091120 -0.056540 5.773670 0.139820
16.116280 -0.027420 1.258490 1.104960 1.327100 0.716330 -0.106100 0.190340 -0.952970 1.013020 0.028520 0.083560 0.249080 0.123320 -0.461840 5.720920 0.139080
12.633150 -0.354140 1.876130 1.231220 1.002540 0.664570 0.284340 0.295810 0.024290 1.319150 0.010290 0.012220 0.297290 0.090220 0.301560 6.480540 0.135930
14.889570 0.128150 1.204920 0.868250 3.261350 0.919640 0.262600 0.238090 -1.681720 -0.669400 0.063050 0.191650 0.167110 0.077580 0.687770 3.872680 0.150120
18.453460 0.652220 1.945390 1.350430 1.374610 0.560500 0.287010 0.287250 -1.990850 -0.695370 0.182690 0.054910 0.161880 0.133370 0.477690 6.389520 0.164100
17.964400 0.564410 1.130860 1.195850 4.045980 0.529480 -0.297360 0.217800 0.934600 -0.166210 0.016540 0.045730 0.149550 0.065740 0.233800 6.681600 0.159870
16.004720 0.198110 1.963980 0.941430 3.164620 0.434280 0.290850 0.189740 -0.008960 0.754240 0.107820 0.041570 0.262220 0.147920 -0.196790 2.893200 0.137640
16.946340 0.144870 0.987790 1.128850 3.965270 0.643370 -0.230000 0.156250 -0.941450 1.958000 0.140720 0.157080 0.254930 0.128040 -0.078140 2.832360 0.140910
14.660890 -0.679310 0.523650 1.496050 0.413080 0.554870 -0.081670 0.280310 -0.407340 0.781470 0.071860 0.015060 0.265970 0.089340 0.366920 3.842820 0.157980
15.691270 -0.412070 1.841740 0.910190 4.526470 1.107580 0.225690 0.145790 -1.553390 0.958580 0.099780 0.013630 0.206000 0.123170 0.035830 7.557900 0.146590
10.157740 -0.270590 1.199210 1.275420 4.601060 0.859530 0.289360 0.162500 0.405080 -0.158790 0.194380 0.049560 0.296670 0.069770 -0.080880 6.953580 0.143840
14.912380 0.681020 1.805530 0.720920 4.310620 1.717860 0.090380 0.280230 0.282080 -0.482130 0.194840 0.154370 0.237040 0.088080 0.645120 5.650310 0.141830
13.259600 0.520550 1.603470 0.855000 3.440400 1.067460 -0.176200 0.187490 0.430600 0.765510 0.052730 0.052320 0.222220 0.079980 0.205780 7.974510 0.145070
18.997650 0.578430 1.235990 0.650090 1.615590 0.403890 -0.025860 0.233310 -1.044110 -0.196710 0.075840 0.125430 0.223990 0.098720 0.615820 5.597140 0.130460
14.701890 -0.008420 0.713660 0.758540 1.279690 1.960500 -0.188680 0.144450 -0.792680 0.339190 0.192050 0.165860 0.175640 0.043110 0.436480 6.241010 0.155370
13.964060 -0.281390 1.791480 0.558290 0.180050 0.546940 -0.112530 0.135640 -0.178460 1.929940 0.149540 0.122190 0.280910 0.125880 0.140670 7.050960 0.130620
12.589350 0.289930 1.572150 1.273210 4.032930 1.592690 0.000510 0.183330 -0.971730 0.988740 0.038260 0.032980 0.124340 0.127290 -0.253790 3.807060 0.145680
15.841740 0.137910 1.061550 1.152760 2.776410 1.033370 0.005180 0.232550 -0.353750 0.794450 0.137050 0.116650 0.181750 0.074080 0.075150 3.391560 0.152740
11.892330 0.525330 1.613840 1.160760 3.973050 1.710870 0.044400 0.248860 0.569580 0.967560 0.135600 0.075680 0.180720 0.113210 0.029410 5.694300 0.146180
19.029020 0.258590 1.985610 0.607440 3.227130 0.597800 -0.226430 0.180540 0.601070 0.424870 0.011220 0.151450 0.290890 0.083720 0.502590 2.772070 0.131950
18.334660 -0.464900 1.081890 0.884180 1.105550 1.136110 -0.038140 0.215540 -0.656800 0.545160 0.043700 0.037980 0.254540 0.084170 0.304350 4.048840 0.157680
18.682760 0.406160 1.029950 1.355610 0.248270 0.916650 -0.039060 0.140010 -0.098340 -0.444470 0.112140 0.195890 0.176210 0.129140 -0.027700 7.117890 0.152210
13.555390 -0.063310 1.066860 0.853980 2.119320 0.734260 0.076790 0.269500 0.507810 -0.860620 0.028230 0.079280 0.298690 0.049420 -0.301290 6.448010 0.150200
14.927050 0.169900 0.602080 0.647400 2.702610 0.302130 0.274820 0.182810 -0.818090 -0.093130 0.169720 0.139080 0.225400 0.025150 0.419260 2.544820 0.130420
18.727530 -0.194320 1.004410 1.408930 1.561660 1.547530 0.168360 0.177520 0.266980 -0.377750 0.074000 0.044840 0.178770 0.099280 0.669290 3.557190 0.148920
10.814950 0.251430 1.821770 1.439390 3.410080 0.399750 -0.141110 0.161980 -1.493120 0.039620 0.108940 0.039230 0.248740 0.081210 -0.735220 4.882030 0.145870
14.141020 -0.082170 1.370070 1.066060 0.466890 0.377540 -0.118040 0.266180 0.509240 -0.132190 0.116050 0.124620 0.200260 0.058950 0.373870 2.809330 0.132730
18.313860 0.490290 1.910770 0.878130 2.429700 0.942780 -0.263430 0.294060 -0.861720 1.553900 0.041830 0.178140 0.235470 0.037240 -0.558050 2.661810 0.131890
14.016520 -0.491490 1.082780 0.923530 0.442620 0.656880 0.165710 0.251600 -0.688060 1.558530 0.154220 0.115990 0.215890 0.060600 -0.372720 5.402680 0.142980
19.235200 0.628670 1.641200 1.454440 2.023340 1.671510 0.254230 0.272740 0.052950 0.572290 0.042550 0.158390 0.188210 0.111150 0.535460 2.018870 0.136110
11.816110 -0.092320 0.318510 1.262990 3.009550 1.896430 -0.244740 0.158900 -1.616260 1.425240 0.067080 0.102440 0.210600 0.065850 0.320490 6.939070 0.137380
15.519380 0.475980 1.299320 1.051960 0.362760 0.862460 0.242510 0.166780 -0.554640 -0.418140 0.044200 0.112490 0.267610 0.129920 -0.442130 6.252860 0.136710
17.848880 0.633380 0.456130 0.594320 1.034000 1.788590 -0.184470 0.163480 0.297680 1.009050 0.111260 0.052150 0.265110 0.125290 -0.652120 4.161280 0.151160
12.285220 0.358280 1.581990 0.694720 0.727310 1.746150 0.219240 0.279880 0.358140 -0.047640 0.111500 0.106870 0.131500 0.087980 -0.017970 4.190810 0.154860
11.780960 0.091090 1.550160 0.977230 3.429620 0.492640 -0.020890 0.132440 0.953620 0.611780 0.151320 0.054500 0.123290 0.044090 0.227880 6.603330 0.162310
12.491960 -0.516120 0.377580 1.247400 0.660970 0.550640 0.177300 0.211280 -1.945230 1.420470 0.037380 0.199230 0.179830 0.044750 -0.222770 6.173020 0.161500
17.532040 -0.543300 0.697940 1.180650 4.320880 0.611640 -0.103270 0.137400 0.725940 -0.294410 0.126480 0.085170 0.270010 0.105570 -0.658950 5.039950 0.162360
17.360090 -0.597330 0.554960 0.601380 0.552220 1.040070 0.255320 0.152040 -0.961620 1.344150 0.161240 0.010340 0.281850 0.029290 -0.731240 5.066240 0.153530
15.271500 0.487430 1.454930 1.423810 3.191420 1.371610 0.240490 0.163840 0.683290 -0.689520 0.060090 0.018920 0.173450 0.075410 0.358150 7.193470 0.139390
17.638770 0.420600 0.568560 0.645800 4.495240 0.727800 -0.212240 0.270040 0.801640 -0.787490 0.092660 0.019640 0.269650 0.036910 -0.440680 4.481820 0.143290
17.336350 0.024370 1.360290 1.009360 2.229280 0.927620 -0.006070 0.201140 -0.651580 -0.773300 0.170900 0.159150 0.165470 0.107430 -0.526810 6.155090 0.131740
11.647460 -0.699160 1.758270 0.536710 3.953870 1.057390 -0.141750 0.168160 0.888880 -0.794670 0.017340 0.145340 0.172090 0.027480 -0.330230 2.991160 0.150950
17.751730 0.122160 0.378820 1.011950 3.854470 0.411190 0.082320 0.133820 -0.360990 -0.235740 0.168560 0.110600 0.170440 0.075600 0.689070 5.057170 0.157340
12.394330 -0.644460 1.271450 0.787790 4.734360 1.301340 0.264280 0.136680 -0.031010 -0.892620 0.036970 0.101150 0.278900 0.032510 -0.116220 6.142080 0.130180
18.885740 -0.613430 1.181460 0.947300 3.541250 0.472250 -0.134250 0.176690 -1.556090 -0.900500 0.085400 0.167160 0.130400 0.089030 -0.645330 5.088990 0.151360
12.868180 0.136780 1.002940 1.299330 2.292420 1.177090 -0.096460 0.181310 0.247460 -0.402110 0.046060 0.018330 0.132480 0.039940 -0.075520 2.468010 0.153270
14.255800 -0.479690 0.887040 1.132620 1.184430 1.945210 0.087830 0.253270 -1.768610 0.512000 0.057880 0.024940 0.184930 0.055040 -0.763930 2.856670 0.161420
16.211680 -0.442980 1.412050 1.168840 2.369540 0.736990 0.023810 0.197030 -0.798480 1.951330 0.104890 0.192110 0.294150 0.035050 -0.136740 5.253080 0.131370
16.080060 0.637280 1.408800 0.792110 4.766140 0.474160 0.103270 0.130570 -1.931740 1.506750 0.149320 0.141620 0.154880 0.070180 0.512680 7.227060 0.153020
10.454550 -0.367580 1.809880 0.775120 0.127170 0.883500 0.269000 0.273520 0.330670 1.671190 0.164310 0.197940 0.256260 0.054700 -0.246250 4.667930 0.162470
15.290960 -0.396270 1.229710 1.473380 4.581630 1.761900 0.273940 0.171620 -1.343330 1.148920 0.176460 0.039420 0.240400 0.061000 0.515220 2.780510 0.142850
18.368520 0.019360 1.959060 1.167770 4.884360 0.349760 -0.265790 0.145140 -1.918490 -0.007470 0.014540 0.186970 0.169250 0.034720 -0.007350 7.182660 0.149390
18.148050 0.271620 1.165280 0.612350 0.279500 0.320180 -0.178230 0.172520 0.586560 -0.302650 0.132180 0.071500 0.174710 0.086630 -0.796210 7.776060 0.130240
10.774590 0.068250 1.771100 1.222590 0.871690 1.963560 0.251440 0.285700 0.786230 0.030170 0.067850 0.059230 0.189800 0.038870 -0.574980 7.354480 0.134150
10.340260 0.419650 1.406750 0.802140 0.569080 0.572040 -0.050890 0.237160 -1.774450 0.114450 0.090910 0.199860 0.219640 0.126550 -0.581140 7.585080 0.132060
12.564330 0.543700 0.845390 0.933530 2.693960 0.827290 0.179200 0.249700 -1.686670 -0.748500 0.124930 0.095360 0.208650 0.075080 -0.344160 5.155480 0.142200
18.206520 -0.655190 0.444390 0.888140 2.727360 1.968390 0.216380 0.206270 -1.349300 -0.279580 0.054120 0.051110 0.261500 0.068700 0.110210 5.764080 0.140040
11.695560 -0.483700 1.814350 0.859570 3.372350 0.315050 0.252380 0.153410 -0.362690 0.927370 0.076810 0.132270 0.122530 0.082050 -0.605400 6.003740 0.137320
16.156980 0.304270 1.606940 0.514670 2.311910 1.853990 -0.220170 0.283680 0.130010 -0.496400 0.019900 0.190000 0.252080 0.117010 -0.482130 7.785090 0.130540
10.963580 0.516850 1.900980 1.310480 2.889800 1.406290 -0.056980 0.235630 -1.433350 -0.193780 0.061170 0.162750 0.146260 0.047660 -0.491060 3.014450 0.140750
10.509960 0.218330 1.558610 1.493020 2.630160 1.001820 -0.090060 0.299890 0.439060 1.091810 0.192930 0.012730 0.123610 0.063630 0.422820 4.981950 0.156710
12.881480 0.010690 0.932480 1.474570 4.435800 1.712800 -0.198920 0.262620 -1.828340 0.357060 0.054000 0.187800 0.138070 0.119470 0.171890 7.949270 0.158810
10.422420 0.327470 1.311190 0.914180 3.368950 1.910340 -0.280910 0.249030 0.541310 0.100060 0.063800 0.181000 0.154240 0.040620 0.364650 5.573230 0.141050
14.759140 0.622750 1.397100 1.317200 3.486880 1.124280 -0.294490 0.130980 0.768710 0.447940 0.158910 0.161520 0.243340 0.038150 -0.412100 3.904770 0.137510
16.262400 0.358460 0.529500 1.114000 2.901970 0.429550 0.111970 0.216470 0.418760 -0.532640 0.083760 0.057010 0.166420 0.057610 0.026790 5.105130 0.130780
12.845200 0.655870 0.351390 1.141550 4.354890 1.468830 -0.134780 0.142680 0.383890 0.843590 0.073100 0.103280 0.174970 0.102510 -0.019290 4.399880 0.147860
10.135600 -0.486280 1.648820 0.669700 3.119260 1.743460 0.183100 0.278000 -0.536600 -0.332970 0.121840 0.159890 0.162720 0.142670 -0.085860 6.336000 0.134030
16.079080 -0.225780 0.815230 1.171310 0.233480 1.846390 -0.062080 0.159060 -1.514420 1.025390 0.031590 0.069340 0.132020 0.085870 0.586990 3.069250 0.141280
17.982990 0.223510 1.239750 0.578950 0.502330 0.385800 0.020840 0.186200 0.783990 1.702350 0.189730 0.142160 0.233200 0.109300 -0.145860 2.190960 0.153740
16.026330 0.506850 1.677720 1.003090 4.288870 1.212870 -0.235740 0.176360 -1.252360 0.141880 0.027620 0.194060 0.247620 0.032180 -0.006170 3.999240 0.151980
11.310620 -0.341120 1.557290 0.821610 2.323440 1.505700 -0.036480 0.178100 0.071180 1.162510 0.083350 0.138720 0.183390 0.034470 0.221690 3.503470 0.155900
13.624110 0.051460 1.008550 0.986190 4.091210 1.563190 -0.014100 0.262100 -1.862590 1.697690 0.015890 0.032060 0.287720 0.090000 0.597050 2.584800 0.149830
19.684190 0.397290 1.491750 1.320060 2.524800 1.994340 -0.067970 0.184800 -1.257540 -0.115600 0.151500 0.029780 0.291680 0.089600 0.160350 4.016490 0.157870
14.826760 -0.074500 0.588480 0.535600 0.395080 0.936250 0.152820 0.139060 -0.986990 1.017420 0.152320 0.095550 0.130930 0.149450 0.754980 4.213050 0.161350
12.347370 0.566830 1.996430 0.795610 4.571370 1.768600 -0.007360 0.150030 0.564520 0.897900 0.086940 0.179580 0.187720 0.086460 0.573320 4.413240 0.162940
15.837770 0.232470 1.064810 0.999690 4.555180 0.957590 -0.191470 0.265870 0.172530 1.971220 0.153870 0.126110 0.185650 0.084470 0.054330 7.254240 0.132880
15.331230 -0.667500 1.340310 0.975030 1.691680 0.570830 0.243650 0.261640 0.521340 -0.799360 0.148870 0.131750 0.257700 0.076360 -0.288250 6.626520 0.130080
12.246210 0.131020 1.990090 1.398300 3.450030 0.582930 0.086750 0.149420 -1.281370 1.735930 0.195910 0.144000 0.169450 0.144050 -0.571720 2.595680 0.133980
18.350760 -0.078980 0.862730 0.883240 2.186550 1.217280 0.064390 0.248350 0.853190 1.395820 0.138920 0.015820 0.214620 0.115000 0.342600 6.673140 0.163540
17.443970 0.584590 0.961960 0.673170 1.988940 0.634230 -0.176930 0.246070 -1.545500 1.222780 0.193310 0.023690 0.193550 0.064280 -0.714380 3.089080 0.156790
12.187740 0.674410 1.766020 0.590910 1.197510 1.514220 0.105810 0.139700 0.972790 0.070930 0.161170 0.099140 0.274230 0.139110 -0.424140 7.728180 0.143210
13.314530 0.452080 0.752250 0.643050 4.009080 1.497550 -0.030730 0.235150 0.289770 0.258970 0.160520 0.093070 0.283260 0.111750 -0.467740 4.714090 0.138520
12.652330 -0.215250 0.930460 1.221410 4.300460 1.936440 0.141250 0.130150 -0.696840 1.056940 0.013400 0.050040 0.127640 0.028780 0.654080 2.503300 0.158050
16.362500 0.484530 0.667350 1.176600 1.354550 1.063290 -0.044060 0.155210 -1.206120 0.669920 0.082280 0.080640 0.192180 0.061180 0.417230 6.344950 0.147680
10.639080 -0.240900 0.556060 1.406970 0.005610 1.674980 0.293220 0.204880 -1.964540 1.717830 0.097990 0.181540 0.285460 0.098270 0.521440 6.374810 0.132610
11.538790 0.284980 0.804550 0.575590 2.920360 1.021250 0.234580 0.261480 -0.295870 0.906620 0.105010 0.156070 0.188530 0.120580 -0.062430 7.141210 0.135810
10.853120 -0.257450 1.886770 1.342960 3.344520 0.797110 0.288100 0.282510 -1.911260 -0.573380 0.063220 0.091760 0.241170 0.134250 -0.321280 3.937820 0.131990
10.915130 0.480130 1.190020 1.236780 1.344590 0.448350 -0.040780 0.218960 -1.290940 0.737390 0.103820 0.093320 0.288890 0.067200 0.022540 4.868800 0.158440
10.939120 -0.460840 1.480050 1.271460 1.672430 0.742510 -0.225420 0.160630 0.318640 -0.028930 0.158520 0.162890 0.181160 0.114840 -0.103730 5.140240 0.146720
10.384330 0.536400 1.774110 0.661190 2.988800 0.893730 -0.028270 0.239240 -0.844470 1.410730 0.030820 0.119560 0.263470 0.112630 0.368340 5.005470 0.150830
15.156500 -0.475360 1.176860 1.265460 3.677720 1.259890 0.149590 0.242690 0.824140 -0.255360 0.157310 0.152290 0.130800 0.046100 -0.294120 5.626580 0.153470
16.545750 -0.030940 1.172930 1.233560 2.012540 0.705770 0.049040 0.210370 -0.241720 0.407290 0.077620 0.153550 0.210950 0.095860 0.283320 4.296010 0.149600
16.671170 0.106130 0.843870 0.741010 3.055050 0.986230 -0.204840 0.194830 -0.916120 1.258890 0.156480 0.134840 0.176910 0.076840 0.190150 5.159600 0.140970
16.755760 -0.237140 0.748360 1.077580 3.001250 1.155120 0.039000 0.203740 -0.262520 1.339260 0.074420 0.117770 0.225550 0.048880 0.473100 6.015410 0.147240
10.364250 0.386300 1.723410 1.400490 2.960650 0.679610 0.247630 0.139500 -1.646280 0.531450 0.173200 0.081930 0.157380 0.028270 0.144240 3.125920 0.149070
18.773300 -0.662640 1.218100 1.253110 0.609950 1.597090 -0.137520 0.272000 -1.564300 0.933270 0.076130 0.106170 0.201000 0.042720 -0.318060 6.534370 0.141490
10.322030 0.592390 1.918300 0.679150 4.396650 0.478630 0.138690 0.284790 -0.015490 -0.977720 0.144530 0.075770 0.128350 0.073130 0.298090 3.566030 0.133060
18.259380 0.570350 0.579620 0.935900 0.299560 1.483370 0.150980 0.258420 -0.273200 -0.637410 0.165250 0.050290 0.239480 0.140610 -0.660730 6.103150 0.157420
19.874000 0.244490 0.329860 1.217300 3.283420 0.396430 -0.272170 0.174500 0.867450 0.116400 0.052070 0.088710 0.283940 0.032370 0.193190 2.171170 0.133620
15.788350 0.158690 0.545860 1.393820 3.324810 1.087740 0.097170 0.218660 -0.135570 -0.934200 0.048220 0.076900 0.135170 0.102890 -0.098480 7.234820 0.157100
17.256910 -0.351110 0.810300 0.833620 3.621330 0.766410 0.062270 0.180160 -0.766410 -0.312230 0.148120 0.097470 0.238850 0.092980 0.243940 3.106190 0.137030
17.202450 -0.259230 1.167140 0.561740 3.243330 1.120610 0.276510 0.198620 -1.901950 1.686630 0.133110 0.137910 0.291870 0.101700 -0.358480 5.415450 0.149220
19.642400 0.648890 0.515910 1.025400 3.017480 1.313150 0.257720 0.244350 -0.154370 1.638040 0.045590 0.117500 0.136560 0.059950 0.496030 7.683180 0.163240
10.703780 0.642470 0.658160 0.798420 2.720170 1.059520 0.173730 0.145520 -1.935650 1.981690 0.077130 0.045390 0.157870 0.117910 -0.152210 7.644540 0.135060
11.582470 0.404310 1.674110 1.018090 1.446850 1.224670 -0.124790 0.174860 -1.151240 1.782670 0.128750 0.010610 0.230650 0.050570 -0.164880 6.091600 0.157040
14.236920 -0.327750 1.277750 1.376570 3.424580 1.189740 -0.092850 0.185760 -0.662980 1.333520 0.050750 0.146910 0.237810 0.103410 -0.153780 4.329160 0.146000
16.163330 -0.174460 0.507730 1.447210 4.743830 0.526200 0.263600 0.138070 -1.753300 1.772870 0.014960 0.174140 0.264380 0.104680 -0.475320 5.274540 0.134360
12.333900 0.293650 0.391080 0.886540 3.732420 1.450500 0.182060 0.275780 -0.205110 0.760270 0.142370 0.064210 0.153920 0.040870 0.381540 2.259600 0.161690
15.586070 -0.230180 1.423300 0.762810 1.222110 1.512250 0.074950 0.274800 -1.019690 1.227180 0.010400 0.157510 0.235030 0.083230 0.546500 7.274410 0.140240
14.292830 -0.147820 0.371610 1.022050 1.124140 1.420090 -0.200000 0.258050 -1.121380 0.913940 0.148680 0.155560 0.150790 0.026600 -0.407200 2.727840 0.133180
10.553460 -0.177490 0.517760 0.505500 4.111120 0.658200 -0.015190 0.231800 -0.338310 1.219060 0.016890 0.018460 0.252340 0.124860 -0.705180 3.543500 0.136400
16.136480 0.322290 1.388580 0.847290 1.239170 1.127390 -0.078290 0.236340 -0.223990 0.277350 0.142760 0.110190 0.203150 0.078770 -0.109240 6.425830 0.138790
13.166570 0.450580 0.441590 0.714400 3.493660 1.050000 0.144270 0.216110 -0.524340 0.596180 0.180030 0.062100 0.125580 0.131460 -0.740080 4.347190 0.140530
18.801360 -0.629260 0.854200 1.457140 0.576330 1.028300 -0.197430 0.281550 -1.102660 -0.975580 0.059480 0.125890 0.283070 0.143850 -0.403840 5.467730 0.158290
11.933440 0.159740 0.471750 0.978050 1.461560 0.710810 0.176290 0.201510 0.105600 1.001270 0.146150 0.159460 0.196550 0.104340 -0.473330 3.913820 0.159010
15.193620 -0.499280 0.856000 0.573950 0.684500 1.847480 0.094580 0.154770 -0.049310 1.787220 0.065390 0.060770 0.139050 0.119530 0.092890 6.724850 0.147770
17.409290 -0.189500 0.788650 1.306410 4.501620 0.966020 0.237200 0.141460 -1.306440 -0.453320 0.162110 0.053080 0.131860 0.142420 -0.617680 2.199330 0.160300
19.445050 0.504780 0.970220 1.209540 4.412240 1.242590 -0.222210 0.133440 -1.080020 0.618920 0.070670 0.100260 0.133130 0.078250 -0.382570 6.129590 0.141180
14.168230 0.007300 1.383050 0.964870 2.278440 1.005160 -0.063950 0.151120 0.527800 1.885870 0.177510 0.135460 0.258220 0.100270 0.288910 7.404010 0.158630
14.504210 -0.011560 0.870990 0.920140 2.511150 0.929470 0.206220 0.214280 0.342620 0.647290 0.041070 0.088260 0.285010 0.095580 -0.327900 2.483140 0.150000
19.263060 0.586270 1.036270 0.719540 4.698880 1.092930 -0.232520 0.225730 -1.099090 -0.679480 0.174740 0.179280 0.139440 0.094640 -0.048630 4.899010 0.148780
11.022060 -0.065350 1.118760 1.026160 4.817420 1.500550 -0.201860 0.165450 -1.363250 1.282820 0.184140 0.029180 0.187040 0.069520 -0.759550 2.974210 0.160750
13.266750 -0.209500 1.011090 1.109120 1.980830 1.548290 0.031880 0.265550 -1.082460 0.094280 0.091890 0.102190 0.124210 0.036200 0.507890 4.128010 0.143910
15.445660 0.470700 0.615180 0.727780 1.479520 1.140350 0.108640 0.267020 -0.162560 -0.267840 0.138040 0.147350 0.235680 0.101900 0.046830 4.123820 0.135310
12.772520 -0.045850 0.919980 0.797380 0.699890 1.321330 0.026560 0.253810 -0.089580 0.444830 0.040390 0.118740 0.163130 0.084650 -0.167710 6.201480 0.153910
18.179900 0.310990 1.291230 1.087560 1.383390 1.525140 -0.142820 0.131440 -1.213270 -0.103320 0.089800 0.176890 0.271530 0.075940 0.475040 4.356990 0.133390
13.706190 -0.487230 0.957930 1.021660 0.265570 0.444880 -0.253760 0.164240 -0.756340 0.173930 0.017680 0.190970 0.243880 0.082870 0.788220 7.884250 0.163000
12.992520 -0.018180 0.740060 0.583760 3.461820 0.389810 -0.114370 0.170260 -0.856600 0.975970 0.108250 0.090640 0.196930 0.077350 -0.377180 7.381370 0.159970
19.209390 -0.156460 1.966990 1.451890 2.813950 0.788330 -0.101400 0.213890 -1.057570 -0.630970 0.119380 0.024730 0.248410 0.025630 0.632640 3.212670 0.144560
15.776940 0.287770 0.794190 1.254850 3.144150 0.978810 -0.017020 0.212030 -0.718760 0.689030 0.157780 0.128760 0.205090 0.105210 -0.305140 4.372230 0.146320
17.874800 -0.664130 1.024110 0.745880 2.169080 1.012450 -0.153240 0.246310 -1.511700 -0.597670 0.012820 0.187410 0.271630 0.034890 -0.311590 2.558090 0.147350
17.600330 -0.370850 0.943190 1.134670 3.842870 0.739850 -0.086390 0.250680 -1.709670 -0.996930 0.138660 0.020850 0.234380 0.126890 -0.681300 6.977890 0.135710
17.173100 -0.521040 0.463970 0.756880 4.243610 1.927240 0.114540 0.292700 -1.672540 0.374280 0.115090 0.178710 0.178270 0.072140 0.257190 3.657240 0.151870
10.467080 -0.088430 0.483880 1.172120 4.715090 1.800740 0.115880 0.214870 -1.416910 -0.549310 0.030500 0.157940 0.266380 0.045380 0.525430 7.532850 0.148720
13.147700 -0.378020 1.142930 1.412200 4.189850 0.925100 0.161110 0.254120 -1.074680 1.105400 0.101750 0.146660 0.171290 0.097230 0.039830 7.166760 0.131600
18.284210 0.664000 1.704960 0.697230 2.452140 1.875870 -0.216910 0.154230 -1.796680 -0.966810 0.182370 0.054340 0.128730 0.143570 0.629960 5.393160 0.138110
13.451490 -0.152650 1.402020 0.665620 4.543920 0.601930 0.159050 0.211890 -1.714020 0.732460 0.078630 0.193240 0.189400 0.132160 0.010440 7.295630 0.158570
17.346870 -0.394300 0.764120 0.997940 3.830950 0.818030 0.047550 0.240280 -0.887540 1.480430 0.130820 0.172380 0.168410 0.107870 0.678580 4.689850 0.152930
14.200580 -0.314250 0.928920 1.074170 4.202260 0.908600 -0.010820 0.276190 -1.429120 -0.523360 0.020270 0.134160 0.279610 0.108680 0.131990 4.311610 0.130980
14.801610 -0.094030 1.098780 1.425630 2.194170 1.019910 0.221250 0.263440 -0.095170 1.213950 0.109430 0.089670 0.253520 0.029990 0.185560 7.688160 0.151060
11.474500 -0.568030 0.323650 0.546070 4.158680 0.310770 0.054930 0.147580 0.720260 -0.863440 0.197810 0.195180 0.221150 0.118710 -0.090010 6.024270 0.136350
14.726120 -0.103120 1.050100 1.043140 1.917970 1.042080 -0.033880 0.251020 -0.422370 0.830540 0.136460 0.133700 0.211700 0.052830 -0.037750 5.660580 0.145390
19.051460 0.000430 0.300180 1.352460 4.097690 0.517690 0.028420 0.268760 0.493730 1.580230 0.065770 0.019940 0.213330 0.033310 -0.766950 6.034650 0.131630
19.597590 0.609510 0.306090 0.703270 2.933200 1.574660 0.267860 0.202270 -1.851610 -0.373000 0.045090 0.111410 0.276120 0.103970 0.674720 6.302850 0.130700
13.088770 0.112300 1.510550 0.816330 2.662080 0.637590 -0.218320 0.221690 0.636750 1.369080 0.176930 0.119830 0.153500 0.060440 -0.495690 6.126740 0.148830
10.652940 -0.016580 1.933250 0.812410 3.238400 1.935260 -0.162710 0.173000 -1.642660 -0.510190 0.033670 0.141240 0.230970 0.137540 0.079300 3.651890 0.147140
16.882310 -0.288890 1.046970 0.838450 2.343630 1.246320 0.032560 0.221110 -0.124240 -0.369490 0.168200 0.131270 0.195960 0.096430 -0.176820 5.991220 0.147410
13.783530 0.271150 1.579240 0.810460 0.453940 0.810440 -0.211080 0.226320 0.677320 1.241930 0.040680 0.144670 0.170780 0.064070 0.607980 5.211940 0.160110
15.959830 0.423840 1.689270 0.698130 2.155900 0.834490 0.053240 0.264690 -0.641240 0.816040 0.190330 0.140140 0.206980 0.063450 -0.380640 4.183300 0.148590
12.451250 -0.672380 0.420360 0.588110 4.788090 1.268340 0.233280 0.171310 0.162290 1.894820 0.053370 0.040150 0.293380 0.133100 0.648140 6.564300 0.151230
19.089890 -0.003160 1.026740 0.626110 3.885630 0.309590 0.298870 0.270650 -0.804790 1.268400 0.147310 0.121670 0.241390 0.138710 0.552900 3.099890 0.163440
15.341070 0.320230 0.706960 1.381560 0.242740 0.367910 -0.005370 0.201990 -0.380810 0.675390 0.181200 0.033580 0.281290 0.087750 0.470090 7.257140 0.142760
15.979080 0.281350 0.984160 1.196090 4.877260 1.958200 -0.044890 0.206710 -0.332160 1.143030 0.192590 0.184880 0.140130 0.048350 0.767660 4.811950 0.132340
15.663710 0.562260 1.520850 0.951680 0.137490 1.866410 0.143170 0.177250 -0.904150 1.656210 0.183890 0.033990 0.170110 0.072920 0.444780 4.232790 0.136500
13.011970 0.060530 0.710580 0.827400 0.929250 1.911970 0.140150 0.175850 0.958350 1.887260 0.176300 0.022850 0.216980 0.103210 -0.788080 6.818980 0.161110
18.829920 -0.601860 0.342770 1.038080 4.074200 0.352440 0.071880 0.255500 -1.273750 1.624690 0.018110 0.069830 0.228340 0.043770 -0.416050 7.718100 0.163130
14.565380 0.478800 1.652890 0.683770 3.551420 1.527590 -0.299560 0.220770 0.907760 -0.283500 0.198620 0.035200 0.142520 0.034210 -0.738270 4.839480 0.156210
13.022890 -0.548080 0.411130 1.479490 2.735100 1.250470 0.272290 0.229690 0.250910 1.764010 0.034530 0.091670 0.257090 0.104990 0.384680 2.029020 0.138150
18.534130 0.440350 1.493630 1.296620 1.841690 1.338670 0.104680 0.166280 -1.883650 0.484390 0.197630 0.166520 0.155250 0.123830 0.261080 3.157100 0.154510
19.993920 -0.534310 0.576800 0.709600 3.159170 1.770390 -0.172810 0.296580 -0.390640 0.461010 0.023540 0.044390 0.209490 0.087200 -0.269790 3.779750 0.131140
17.055280 0.595830 0.513740 1.363840 2.881180 0.614930 -0.132320 0.218180 0.999980 1.469590 0.027240 0.059880 0.293860 0.146530 0.564460 2.165300 0.159530
14.322870 0.619850 0.917430 1.004280 4.207030 1.980950 0.119170 0.270880 -0.215200 1.923200 0.016270 0.139670 0.135600 0.122410 -0.726850 2.380000 0.134790
18.032140 -0.690000 0.339310 1.483870 4.121550 1.136460 -0.077000 0.141880 -1.720570 -0.959800 0.110730 0.020320 0.146780 0.071140 -0.013330 7.026800 0.149810
11.910110 0.190340 1.903670 0.528570 3.498360 0.362330 0.297760 0.131880 -1.626990 -0.672100 0.125450 0.189190 0.266870 0.124530 0.678370 2.569270 0.142100
11.332970 0.667710 1.663010 0.524660 4.856790 0.514930 -0.253150 0.222450 -1.156180 1.818780 0.079850 0.136700 0.216710 0.025970 -0.625930 5.954290 0.141910
13.539830 0.548000 1.112600 0.893830 4.352020 1.628810 -0.260550 0.292460 0.354440 1.681520 0.041420 0.104410 0.251450 0.062520 -0.631060 3.457160 0.162530
13.923420 -0.478780 1.253290 0.954520 1.387830 0.408600 0.125410 0.210170 -0.668670 -0.888480 0.199070 0.014030 0.160880 0.050110 -0.201340 3.829370 0.157250
10.011870 0.436630 0.714960 0.637650 2.426840 1.117210 0.212070 0.169270 0.307810 -0.340580 0.048740 0.099950 0.151770 0.109120 0.571100 2.964720 0.138250
18.634560 0.383200 0.689500 0.814290 0.673740 1.225600 0.110400 0.189980 -0.994370 0.709780 0.025710 0.160810 0.143740 0.033930 0.067970 3.490390 0.159900
18.220330 0.348030 0.638710 0.904270 3.338690 0.566350 0.135630 0.263950 -0.312830 0.264780 0.074810 0.024270 0.126050 0.129460 -0.273930 4.252680 0.159120
14.861940 0.167830 0.537320 0.881970 3.219600 1.554620 0.203420 0.169010 -1.399100 0.083010 0.150000 0.160440 0.218630 0.079100 0.099710 5.371590 0.154170
11.733410 0.229900 1.596760 1.080030 0.439820 0.903930 0.272630 0.134970 -0.319440 -0.587510 0.032160 0.145030 0.134440 0.053320 0.333790 6.218420 0.141400
13.288380 0.238880 1.802400 0.508870 1.726020 1.351130 -0.065640 0.298590 -1.861810 1.987830 0.138300 0.133370 0.125330 0.131240 0.493600 5.504150 0.148000
18.705000 0.492830 1.999530 1.031410 1.859960 0.453950 -0.080300 0.167950 0.141620 1.955000 0.100790 0.175900 0.186850 0.041090 -0.100430 5.221480 0.144110
18.184200 -0.611830 1.709010 0.949350 2.486830 0.422600 -0.174840 0.182170 -0.591480 1.840980 0.060500 0.149210 0.120550 0.031710 -0.457240 2.399970 0.133880
17.811440 -0.686510 1.223280 0.596790 0.904400 1.349540 -0.214580 0.148050 -1.274540 -0.075910 0.152820 0.032020 0.220340 0.035300 0.489960 4.766770 0.131240
14.279730 -0.263820 0.737990 1.098500 1.503660 0.753690 -0.110000 0.146440 -1.265050 -0.350000 0.095720 0.088650 0.223240 0.041850 -0.133880 4.924770 0.152830
11.172570 0.066040 0.937690 0.836500 3.580290 1.145470 -0.051940 0.255810 0.392710 0.159830 0.055010 0.076210 0.181330 0.090630 0.270010 3.352190 0.155490
11.226540 -0.435770 1.726750 1.112450 0.092520 1.163490 -0.285750 0.153740 0.276050 1.125370 0.025200 0.197510 0.263800 0.043460 -0.505990 4.553890 0.157640
13.439700 0.123370 1.342780 1.106510 2.173240 0.900600 0.051490 0.234320 -0.373290 0.299400 0.084970 0.123930 0.204550 0.077220 0.292290 5.815360 0.144980
17.028510 -0.550190 1.925320 0.526620 4.228390 1.521210 -0.097880 0.148450 -1.817020 0.319050 0.079030 0.198810 0.262940 0.130220 -0.712870 7.741280 0.164200
11.838990 0.336680 1.665560 1.345380 3.040650 0.606950 -0.239650 0.134700 0.761420 1.573320 0.023950 0.023490 0.226070 0.090480 -0.392330 2.068130 0.163520
17.542000 0.344210 0.873220 0.864670 2.785730 1.617080 0.092920 0.205570 -0.463910 -0.359860 0.132400 0.032510 0.203170 0.105490 -0.000540 5.436060 0.153420
17.778690 -0.457530 1.488970 0.958010 1.519190 1.016480 0.223310 0.246760 -1.116680 0.001770 0.071250 0.061020 0.214690 0.095480 -0.703050 3.774650 0.142910
15.242910 -0.557010 1.794590 1.295620 1.434170 1.697620 -0.227440 0.136440 -1.482520 1.370650 0.050650 0.055870 0.242220 0.078370 0.082820 6.828250 0.143440
16.381430 -0.001030 1.201340 0.890660 2.280760 0.531800 0.099960 0.232790 -0.242560 -0.601280 0.044360 0.124100 0.179640 0.112470 0.065210 5.910270 0.146940
16.053810 0.373570 1.445360 0.552570 2.266070 1.293860 -0.250550 0.173380 -1.595250 1.133300 0.021530 0.094350 0.151260 0.110700 0.411610 7.900900 0.154070
11.413300 0.056690 1.732180 1.346080 1.626940 1.640360 0.294140 0.205830 -1.476060 -0.555510 0.102250 0.164170 0.257470 0.082700 0.379370 3.200020 0.162700
17.144460 0.461550 0.479250 1.368840 3.865330 1.147540 -0.256090 0.235030 -0.234610 0.657450 0.143800 0.063040 0.240130 0.051640 0.113280 7.336860 0.148280
19.747130 0.433890 1.544080 1.458500 4.759720 0.381970 0.190120 0.142470 -1.191310 -0.024980 0.096350 0.016160 0.129910 0.107050 -0.742450 7.907620 0.144360
19.136320 0.532440 0.423880 0.960400 3.917000 1.395010 0.009480 0.195900 0.808390 -0.244110 0.185970 0.152110 0.290620 0.149230 0.725480 7.606430 0.161830
14.392090 0.142130 1.078070 1.037880 2.565770 1.360820 -0.168380 0.213250 -0.467730 -0.142850 0.055240 0.130040 0.229100 0.074710 -0.218740 5.889740 0.138430
16.407090 -0.219000 0.900990 1.348600 3.145640 1.683430 -0.228710 0.293050 0.652340 -0.855560 0.019240 0.148050 0.248150 0.057900 0.534010 3.602400 0.160210
15.030450 0.417020 0.837230 1.242380 0.687850 0.499270 -0.041160 0.279470 -0.106010 -0.469320 0.123860 0.150910 0.268860 0.129730 -0.234870 2.008460 0.163800
12.931410 -0.470130 1.601290 1.191640 4.650990 1.920250 -0.213180 0.165300 0.315140 1.326450 0.160040 0.112640 0.234680 0.116520 -0.249990 7.053240 0.135780
13.958980 0.334630 1.137380 1.111750 1.808320 0.961870 -0.003730 0.217560 -1.172260 0.047240 0.101370 0.081020 0.189060 0.110320 -0.121270 5.277800 0.156940
16.293640 -0.616080 0.399090 0.830440 0.155170 1.669240 0.228170 0.243910 -0.437390 -0.220980 0.112590 0.177700 0.241830 0.038490 -0.043690 7.859110 0.164470
11.555070 0.428990 0.641140 0.962250 2.618000 0.982520 -0.144980 0.150740 -1.130130 0.698030 0.106290 0.155350 0.144500 0.056880 0.697500 4.702750 0.156180
19.399610 0.618190 1.718290 0.700770 1.165750 1.772630 -0.278510 0.169760 0.325380 1.798590 0.141080 0.185710 0.140290 0.080900 0.639230 6.327440 0.134970
12.238180 -0.217480 0.430870 0.566750 0.585590 1.284670 0.200640 0.293280 0.485970 -0.068110 0.098340 0.070500 0.232930 0.120320 0.651240 7.953600 0.132570
12.603870 -0.283160 0.498740 0.592880 2.068570 1.831500 0.213170 0.259620 -1.377940 1.812630 0.140050 0.031590 0.229920 0.112880 -0.437580 3.240240 0.138580
16.501800 0.369910 0.500920 0.655690 2.808630 0.360300 -0.071720 0.151740 0.119940 0.240660 0.068460 0.184080 0.231570 0.132790 -0.640210 3.886850 0.139190
19.960140 -0.036960 1.851980 0.517390 4.381620 1.930290 0.297310 0.259460 -1.336010 -0.514230 0.032930 0.011840 0.183120 0.030430 0.739810 2.940100 0.147180
13.483000 -0.385580 1.364220 1.289330 1.537830 1.740270 -0.120370 0.140840 -0.890000 -0.869510 0.080650 0.126840 0.261060 0.082490 0.748690 6.794400 0.157840
19.376950 -0.365050 0.650070 1.395370 2.383070 0.698490 -0.023320 0.287890 -1.995860 1.965780 0.050170 0.128450 0.148040 0.095240 0.154860 2.796030 0.151640
11.211330 0.630390 0.693930 0.652840 0.036010 0.501420 0.284850 0.262420 0.186490 0.032400 0.179440 0.183200 0.158480 0.068270 0.465510 6.895360 0.154410
18.979330 -0.609620 1.279630 1.300040 4.717510 0.694810 0.133980 0.297520 -1.161600 0.560860 0.153160 0.046160 0.178390 0.068080 0.548880 6.802060 0.152640
17.644840 -0.560800 0.612550 0.598360 1.791470 1.860780 -0.151860 0.186570 -0.977920 1.416860 0.172880 0.187950 0.277150 0.099560 -0.296890 4.069870 0.131530
15.381670 0.253460 0.993640 1.225450 1.100380 1.444450 0.214550 0.238360 -0.619580 1.028190 0.137590 0.072630 0.206640 0.060120 -0.466750 4.911210 0.160560
11.098840 -0.114450 0.332910 1.469600 1.525570 1.664830 -0.172600 0.268500 0.272260 -0.829390 0.038980 0.179040 0.297010 0.092280 -0.683060 3.320230 0.134850
12.709750 -0.337220 0.904590 1.277820 1.932820 0.702700 0.199690 0.224630 -0.848790 1.491360 0.162470 0.081330 0.268220 0.106660 0.120080 3.634580 0.155830
18.647200 0.267540 0.460790 1.256040 2.533970 0.624240 0.222440 0.239630 -0.286240 1.300090 0.172630 0.068010 0.270650 0.042810 0.218580 3.970370 0.130070
11.578500 -0.286800 1.114750 1.101580 0.745080 1.890190 0.185170 0.181560 -1.046430 0.825530 0.099490 0.171370 0.135010 0.116250 0.280560 5.745550 0.161590
18.069550 0.683510 1.858160 1.084580 3.602990 1.366090 -0.280570 0.295230 -0.496890 1.391100 0.191070 0.172990 0.294430 0.052150 0.755980 3.006170 0.142270
19.193720 0.192050 1.073040 0.971650 4.222310 1.342950 0.029470 0.225440 -1.311720 1.194600 0.192000 0.071120 0.207230 0.058300 -0.555700 7.148450 0.155570
19.551090 0.512910 1.435110 0.913260 4.811950 1.560570 -0.058580 0.169870 0.408760 0.373880 0.145330 0.084460 0.285600 0.057160 0.314870 6.784090 0.133510
11.978500 0.264220 1.161660 0.822400 1.026480 1.585850 -0.001010 0.196850 -0.349430 1.095250 0.084550 0.047360 0.136150 0.115310 0.167590 5.021460 0.137910
15.312520 0.038080 1.285310 1.183590 2.863370 1.459780 -0.063300 0.223600 0.125020 0.147860 0.151870 0.127710 0.212700 0.061950 0.521720 5.198270 0.158760
17.393460 -0.583090 0.858140 1.444390 2.691430 1.885580 -0.195200 0.152170 -1.489440 0.552620 0.025220 0.158720 0.165170 0.124360 -0.562850 5.637220 0.132200
15.703860 -0.076920 1.129120 1.293160 3.694600 1.274740 -0.235160 0.290790 0.094940 -0.610110 0.049900 0.013310 0.282350 0.133930 0.589240 3.224180 0.138710
18.863610 -0.212650 1.682010 1.449220 0.388990 1.180960 0.160410 0.192530 -0.912840 0.429290 0.067710 0.058530 0.144300 0.042470 0.664560 7.475270 0.156030
17.313130 -0.391830 1.150950 0.790700 2.441300 0.684940 0.049860 0.230070 0.180550 1.084190 0.115450 0.132940 0.192450 0.114420 -0.140080 5.318790 0.151800
19.566850 0.316180 0.865940 0.550530 0.914450 0.839310 0.083420 0.172220 0.931650 1.832060 0.048810 0.072020 0.295450 0.085210 -0.141150 6.408760 0.163890
16.838350 -0.642640 0.718540 0.860320 3.930880 0.712180 0.165220 0.266390 0.350570 1.669440 0.175860 0.169540 0.247300 0.091640 0.107570 7.282690 0.147830
13.767130 0.640840 0.397800 1.249680 1.551800 0.991810 -0.149550 0.164430 -0.032130 -0.914920 0.037750 0.194590 0.267010 0.051110 -0.213250 2.450710 0.157190
19.074730 0.509810 1.819720 0.711470 0.103480 1.416930 0.020310 0.161110 0.631610 -0.983160 0.190630 0.112100 0.129110 0.033600 -0.129710 3.369190 0.139460
14.697170 0.580620 0.459210 0.632060 4.868190 1.482490 0.145510 0.209580 -1.025740 0.472710 0.167590 0.086100 0.247080 0.133700 0.337250 3.287660 0.158090
15.990000 -0.321690 0.439250 0.533170 1.402980 1.974640 -0.150780 0.159810 0.756610 -0.762450 0.122830 0.072820 0.268330 0.135680 -0.226580 7.841400 0.130990
10.881880 0.362610 0.879630 0.513570 3.786400 1.990470 0.056060 0.222000 0.091150 1.526120 0.175190 0.156480 0.262030 0.046900 0.273320 6.474150 0.154290
10.117180 -0.111650 0.366780 1.267540 4.461990 0.556800 0.184060 0.155630 -0.250840 0.849720 0.087720 0.192550 0.274920 0.102080 0.406450 4.820070 0.164720
19.710170 -0.268320 0.792280 0.555180 2.209780 1.659400 0.137160 0.263230 0.459430 -0.737230 0.129360 0.083820 0.176840 0.122670 0.745520 3.715060 0.144560
16.600650 -0.227210 1.295340 1.337760 3.873320 0.756550 0.116570 0.292150 0.829910 1.521610 0.069240 0.198180 0.270370 0.148840 -0.579080 2.385410 0.156970
17.957210 -0.387710 0.407910 0.748360 2.752880 1.904030 -0.123030 0.182470 -0.835410 1.728340 0.035510 0.156720 0.273830 0.115720 0.165800 5.172680 0.161190
17.234470 0.317270 0.874980 1.204310 1.254520 1.469870 0.151510 0.247240 -0.005460 0.603860 0.184920 0.043620 0.147270 0.124070 0.018980 7.448870 0.139870
19.178840 -0.343220 0.806830 1.046820 2.640720 0.417780 -0.158480 0.267650 -1.419030 0.053500 0.036190 0.048800 0.187460 0.066660 0.566770 6.521320 0.145210
16.421760 -0.333130 1.554590 1.432020 1.078760 1.447890 -0.093690 0.253430 -0.471540 1.901660 0.184600 0.069220 0.177600 0.067700 -0.487680 3.405980 0.155050
16.450830 0.063630 1.039530 0.899230 1.419200 0.321440 -0.221310 0.192680 0.032160 1.872340 0.069310 0.043170 0.294620 0.026820 0.543620 2.268580 0.154460
15.475400 -0.160930 0.967040 0.609840 2.037180 1.100020 -0.046280 0.286330 -1.138650 0.064300 0.199380 0.058700 0.275830 0.088910 0.427350 6.502570 0.151550
10.697980 0.465850 0.678020 1.103640 2.338060 1.177220 0.259600 0.213560 0.606450 1.501710 0.021220 0.113450 0.250000 0.027860 -0.395950 3.257520 0.131430
19.477630 0.055010 0.772420 1.007150 3.942030 1.536640 -0.100080 0.284060 -0.730290 0.400980 0.165660 0.119320 0.153360 0.127500 -0.263170 4.645810 0.160990
11.371710 -0.505290 1.645280 1.186300 0.261480 0.562750 -0.282270 0.224970 -1.823440 0.304030 0.070980 0.171670 0.127250 0.074760 0.704470 2.925780 0.150640
10.233700 -0.493270 0.734960 0.972010 2.304970 0.662080 -0.056240 0.180880 -0.511090 1.911140 0.147760 0.045250 0.172460 0.080530 0.353390 4.569660 0.143370
12.698690 0.249110 0.923960 1.334360 1.893400 1.305860 -0.108620 0.179110 -0.111190 1.567610 0.037190 0.154960 0.289960 0.118490 -0.694730 6.104160 0.142330
10.732000 -0.440510 1.101040 0.625960 4.690230 1.822010 -0.268190 0.204340 0.711860 1.749100 0.133770 0.113950 0.253950 0.147620 0.702800 2.428730 0.132250
13.913540 -0.172100 1.506450 1.163220 2.826790 0.765490 0.132710 0.298970 0.701590 1.042310 0.055740 0.125040 0.213860 0.058020 -0.420280 4.137110 0.138970
11.072090 0.457820 0.324870 0.801470 3.400830 1.881830 -0.047740 0.144950 -1.107890 -0.876890 0.129090 0.097820 0.193230 0.063980 -0.186600 3.987690 0.154670
12.795270 0.409050 1.622520 0.906900 1.847570 1.316480 -0.110420 0.197710 -0.121440 -0.173120 0.117150 0.078630 0.183910 0.071990 0.462470 5.827750 0.148530
19.763190 -0.140880 1.286950 1.383090 3.469760 1.751100 0.278780 0.207020 -0.329330 -0.719350 0.024280 0.135820 0.208970 0.044890 0.004590 3.624000 0.145790
16.629440 0.102080 1.234060 0.770680 0.816800 0.496990 0.163410 0.162760 -1.610750 0.664150 0.104410 0.074130 0.146430 0.059640 -0.276990 4.559910 0.156470
13.878240 -0.197720 0.897090 0.605890 0.935530 0.891320 -0.223970 0.291420 0.429500 1.296980 0.026670 0.036440 0.232480 0.094780 -0.065170 4.007260 0.139260
17.786470 -0.400020 0.891510 0.518910 3.071830 1.782270 -0.136500 0.239870 -0.545460 -0.539610 0.059120 0.049240 0.180280 0.137500 -0.636090 5.715230 0.159410
15.866490 0.150410 0.590760 1.082920 2.681070 0.832850 -0.161040 0.293810 -0.061350 0.477180 0.143130 0.174660 0.122140 0.116930 0.781990 2.515430 0.164690
10.418760 -0.143250 1.785900 1.323860 2.126110 0.578910 0.295290 0.281770 -1.660920 -0.416420 0.027080 0.051780 0.133600 0.045510 -0.647410 6.961680 0.156260
12.413120 -0.095470 1.527760 1.358160 2.097280 0.508450 0.006250 0.260060 -0.646510 -0.231760 0.066230 0.068280 0.190390 0.071740 0.204530 5.680940 0.148350
