Pb_Pb Mean Width Dist Flactutation Temp Kink eta_s Slope_low Slope_high Max Temp_peak Width_peak Asym_peak R
23.626 -0.0279 0.9103 0.3709 1.854 0.1466 0.2449 0.1148 -1.1579 -0.1501 0.1764 0.2541 0.1032 -0.4786 0.9919
20.262 -0.1194 1.3681 3.2332 0.5406 0.1451 0.1516 0.0497 0.5977 1.3583 0.0106 0.1646 0.0728 0.7205 0.3706
27.29 0.0519 0.7269 4.1284 0.6187 0.1639 0.2873 0.1648 -1.9523 -0.9523 0.1765 0.1895 0.0655 0.6523 0.3275
15.618 -0.6041 0.9803 1.3997 1.8546 0.1643 0.2172 0.1838 -1.9001 1.9007 0.0331 0.1554 0.0457 0.2024 0.5754
14.314 -0.2043 0.6715 4.8319 0.6793 0.1596 0.158 0.1923 0.5197 1.4429 0.2317 0.142 0.0294 -0.5566 0.9201
14.566 0.6327 0.6347 0.3071 1.9584 0.1529 0.1343 0.1736 0.9421 0.9497 0.0891 0.2736 0.0592 0.6606 0.775
28.358 -0.6982 1.4127 2.6722 0.4974 0.1532 0.1453 0.1928 -1.7405 -0.7213 0.0508 0.2802 0.0382 -0.5176 0.803
12.154 -0.6315 1.2307 4.8477 1.87 0.1381 0.1476 0.0348 -1.1093 1.0157 0.2088 0.135 0.1475 -0.6469 0.8928
13.43 0.3983 0.5821 2.2271 0.3773 0.1362 0.2905 0.0305 -0.4253 1.6583 0.1849 0.2368 0.0847 -0.7954 0.599
29.778 -0.286 0.7121 0.8907 0.53 0.1595 0.2531 0.0155 0.1171 -0.0361 0.0916 0.273 0.0255 0.1454 0.9954
14.414 -0.4112 0.5239 4.6649 1.9186 0.1605 0.2736 0.0611 0.9019 1.2215 0.025 0.1771 0.15 0.3432 0.866
19.95 0.6985 0.6739 4.7376 1.7863 0.1354 0.1417 0.1043 -1.9589 -0.5737 0.0737 0.1747 0.1492 0.707 0.4042
29.918 -0.6486 1.4759 2.794 1.8383 0.1372 0.2829 0.184 -0.7409 -0.4375 0.1778 0.1426 0.0316 0.4226 0.4227
18.398 -0.0917 0.5771 0.7139 0.8887 0.1637 0.1492 0.0496 -0.8279 0.6149 0.0228 0.2616 0.1476 -0.131 0.4129
17.71 0.6285 0.7519 4.0174 1.669 0.1551 0.1388 0.08 -1.6943 0.6761 0.1461 0.2821 0.0265 -0.5483 0.617
14.998 -0.2801 1.0765 0.0663 1.3334 0.162 0.2659 0.1341 0.5755 0.8639 0.2227 0.2296 0.0443 -0.004 0.3974
14.326 -0.4991 1.2953 4.7612 0.6657 0.1554 0.2791 0.1721 -1.9877 1.9613 0.1265 0.2497 0.1438 -0.4635 0.689
28.506 -0.5293 0.7033 1.3968 1.3562 0.1629 0.2376 0.1779 0.6919 -0.5683 0.0349 0.1822 0.0251 -0.7723 0.6676
21.666 -0.2166 1.2421 0.9684 0.8761 0.1363 0.2985 0.1747 0.9007 -0.2107 0.0667 0.1663 0.1383 -0.452 0.3174
29.09 -0.0267 0.6155 2.9424 0.6068 0.141 0.1554 0.0508 -0.3869 -0.2335 0.2343 0.1433 0.0986 0.7477 0.8546
14.226 0.2087 0.6569 0.1125 0.7469 0.1538 0.258 0.1767 -0.9887 0.4919 0.0389 0.1549 0.09 0.2984 0.9792
28.746 0.4691 1.1335 2.684 1.9383 0.1573 0.2895 0.0326 -1.9361 1.8197 0.2427 0.1614 0.0365 -0.011 0.9322
28.186 -0.5988 0.5809 0.2776 1.5038 0.1583 0.2159 0.0376 -1.8701 -0.3349 0.2387 0.1652 0.0569 -0.4677 0.443
29.162 -0.4215 0.8963 2.2438 1.9022 0.1568 0.1323 0.0132 -1.3283 0.7217 0.0433 0.2151 0.0563 0.4642 0.9193
24.262 -0.6021 0.8583 3.245 1.7309 0.1562 0.2627 0.1737 0.0865 -0.6907 0.2252 0.239 0.1422 0.5253 0.6936
18.778 -0.6979 1.1845 0.5537 1.926 0.1476 0.14 0.1486 -1.5917 -0.2737 0.1313 0.2326 0.129 -0.5474 0.3832
29.398 -0.2491 0.7677 4.4556 0.6456 0.146 0.2603 0.0376 -0.9191 -0.6163 0.0361 0.2598 0.1342 -0.4146 0.513
28.798 -0.4683 0.9395 4.8899 0.3434 0.1416 0.1664 0.1844 -0.4475 -0.0949 0.2413 0.1845 0.0371 -0.3214 0.3188
11.286 -0.6996 0.9115 4.375 1.2607 0.1373 0.1926 0.1951 -1.1129 -0.9679 0.0508 0.2006 0.0335 0.709 0.7574
20.274 -0.4498 1.0241 1.7702 0.5191 0.1472 0.2771 0.1736 -1.2875 -0.3175 0.248 0.1202 0.1118 -0.3666 0.8584
28.658 0.2555 0.6289 2.3037 0.4773 0.1582 0.2344 0.0916 0.6907 1.5875 0.0156 0.1619 0.1348 -0.6066 0.8595
24.05 0.4616 1.4971 4.6836 1.6289 0.1619 0.1356 0.1934 0.0139 0.7253 0.1678 0.2718 0.0773 0.532 0.43
23.314 0.4504 0.7109 2.7184 1.7798 0.1606 0.2786 0.1735 -1.7519 1.3421 0.0171 0.2917 0.0999 0.0267 0.6911
13.706 0.6159 0.5513 4.6619 0.3787 0.1648 0.1301 0.1207 0.2167 -0.9997 0.0676 0.2728 0.0281 0.6021 0.7455
25.594 -0.3053 0.8477 0.0762 1.3038 0.1615 0.2491 0.065 0.4099 0.4865 0.0321 0.1352 0.1255 0.747 0.5987
29.158 -0.6164 1.4873 2.5395 0.6854 0.1584 0.2479 0.1551 0.8773 1.9559 0.1232 0.2418 0.0513 -0.5122 0.9156
24.79 -0.5372 1.0727 1.8291 0.5065 0.1614 0.1384 0.0752 -1.8959 1.1579 0.1316 0.1307 0.1125 -0.5765 0.5738
13.366 -0.5447 0.8631 0.7807 1.4609 0.149 0.1465 0.1747 0.2695 0.2981 0.0289 0.1339 0.1489 -0.587 0.9472
23.43 0.6842 0.6133 3.8375 1.9434 0.1604 0.1943 0.1972 0.4135 0.3449 0.0219 0.1418 0.0659 -0.1941 0.4639
13.686 0.5839 1.1923 4.8653 1.5704 0.1452 0.2967 0.1288 0.6925 -0.9691 0.0195 0.2386 0.096 -0.7077 0.8973
10.546 0.5971 0.6325 3.3492 1.8842 0.1428 0.279 0.1755 0.6517 0.8633 0.1638 0.1262 0.0611 0.7813 0.8931
15.83 -0.0693 1.4669 0.0811 1.3756 0.1357 0.1907 0.0827 -1.8077 1.8629 0.0643 0.2111 0.1331 0.7557 0.8591
13.262 -0.4518 1.4611 4.5647 1.5769 0.1641 0.2815 0.1392 -0.3539 1.5293 0.2183 0.1303 0.0623 0.4152 0.7787
10.242 -0.5125 0.9447 4.4114 0.3158 0.1397 0.2951 0.0122 -1.5977 1.3175 0.2172 0.1558 0.1225 0.7413 0.3625
14.342 -0.2502 1.0231 0.2471 1.8778 0.1378 0.2043 0.1008 -0.2915 1.6241 0.218 0.1301 0.041 -0.0456 0.6426
17.054 -0.3373 0.9409 1.2337 1.449 0.1581 0.2583 0.0115 -1.9565 1.9289 0.1742 0.2458 0.1461 -0.7659 0.8647
21.566 -0.4238 0.7323 0.1715 0.8962 0.1527 0.2912 0.1876 0.2425 -0.9703 0.0629 0.2859 0.06 0.5765 0.7163
29.314 0.0402 0.6801 0.0182 0.3954 0.1479 0.1529 0.0747 -0.4397 1.4621 0.2302 0.1596 0.0489 -0.7698 0.8948
29.462 -0.0598 1.0927 2.1229 1.8421 0.1503 0.1546 0.1582 0.9787 -0.2941 0.0264 0.218 0.1181 0.5195 0.8099
11.358 -0.5711 1.1011 3.8729 0.362 0.1395 0.1342 0.0365 0.9289 1.1393 0.2379 0.2788 0.1213 -0.6946 0.6901
11.294 0.3244 0.5539 4.602 0.3937 0.1602 0.1848 0.1162 -0.6569 0.3575 0.0815 0.1306 0.1038 -0.7458 0.3999
12.866 -0.4792 1.2683 0.2825 0.7051 0.1546 0.2972 0.197 -1.7591 -0.5581 0.0282 0.2191 0.0256 -0.6891 0.8417
25.898 -0.5582 0.9573 4.0773 1.6054 0.1527 0.1799 0.0459 0.3541 0.0143 0.0917 0.1254 0.0337 -0.3886 0.4094
20.186 -0.0777 1.4527 3.6911 1.16 0.138 0.254 0.1624 -1.8221 -0.6931 0.2324 0.2892 0.1145 0.2814 0.3685
11.022 -0.3874 1.0757 1.9175 1.9414 0.1597 0.2761 0.1654 0.4675 1.3781 0.1288 0.2865 0.1437 -0.6965 0.9093
20.614 -0.141 0.7681 3.1596 0.4732 0.153 0.1383 0.1921 -1.7969 -0.1693 0.209 0.2972 0.0506 0.6683 0.9453
17.838 -0.5837 1.3013 3.1841 1.6819 0.1564 0.2141 0.0991 -0.7613 0.6191 0.059 0.2988 0.0427 0.1512 0.5802
16.19 -0.3384 0.6259 0.3906 1.5633 0.1644 0.2726 0.1831 0.8851 1.9463 0.0454 0.1503 0.1172 -0.3285 0.3104
12.418 0.3798 1.0103 2.0895 1.2287 0.1625 0.1337 0.1672 0.9373 1.8161 0.1861 0.2375 0.1491 -0.7765 0.3289
25.474 0.5475 0.8595 4.0694 1.9686 0.1576 0.2149 0.0273 -0.3239 0.2231 0.1926 0.2153 0.1435 -0.2741 0.8214
14.006 -0.155 0.5007 1.8212 1.2868 0.1621 0.2832 0.0113 0.0673 1.3139 0.0432 0.2988 0.0506 -0.7422 0.9305
10.738 0.6058 0.6523 1.7898 0.7326 0.1465 0.1501 0.1528 -1.6325 1.3973 0.1005 0.1518 0.0278 0.1253 0.5552
22.238 -0.1432 0.5551 0.1508 1.6506 0.1456 0.1391 0.06 0.6187 -0.8977 0.1161 0.2579 0.0462 -0.6366 0.9326
23.238 -0.3387 0.9117 1.8999 0.5966 0.1591 0.2612 0.0316 -0.8753 1.5959 0.1526 0.1263 0.0334 0.2645 0.6148
27.978 -0.594 0.5099 0.4397 0.5372 0.1592 0.1366 0.1931 -1.2005 -0.2833 0.0514 0.1718 0.0922 0.6101 0.6779
28.006 -0.4708 1.3179 3.6538 1.922 0.1595 0.1959 0.1619 -0.0305 -0.4897 0.2475 0.2669 0.0351 -0.6376 0.7014
29.882 0.0606 1.3145 4.4861 1.379 0.151 0.251 0.0652 -1.7561 1.7711 0.0221 0.1396 0.0851 -0.6712 0.6067
25.826 -0.6971 1.3351 1.9382 0.7802 0.1375 0.2955 0.0553 -0.1193 1.0337 0.2162 0.137 0.0711 -0.5131 0.3334
15.262 0.1533 0.9791 0.027 0.4144 0.1488 0.1608 0.0208 0.2413 1.2983 0.1449 0.2877 0.0442 0.4123 0.8346
28.442 0.6033 0.5699 1.1718 1.8081 0.1635 0.2926 0.188 -1.7153 -0.7009 0.1876 0.1497 0.1479 -0.1262 0.9614
28.762 0.2524 0.5091 3.3236 0.6599 0.1574 0.28 0.0408 0.7393 -0.7621 0.046 0.1346 0.0548 0.2245 0.5284
27.25 0.3801 1.0201 3.1006 1.1403 0.1426 0.2737 0.0299 -0.5015 0.3269 0.2355 0.2269 0.0294 0.7637 0.3737
19.682 -0.4075 0.6685 2.9041 1.9451 0.1445 0.2655 0.176 0.6625 0.8537 0.1934 0.143 0.0476 -0.7848 0.4609
23.026 0.5422 0.6035 3.5388 0.7275 0.1375 0.2948 0.1992 -1.4297 -0.3697 0.1161 0.2252 0.0612 -0.7202 0.4802
19.286 0.2446 0.8873 4.49 1.6126 0.1449 0.1495 0.0448 0.7681 1.8533 0.0939 0.1741 0.0323 0.7899 0.9628
