Pb_Pb Mean Width Dist Flactutation Temp Kink eta_s Slope_low Slope_high Max Temp_peak Width_peak Asym_peak R tau_initial
13.82 0.20020000000000004 1.421 1.1441000000000001 1.9371 0.14157 0.25903 0.15611000000000003 -0.7130000000000001 -0.523 0.1648 0.13097999999999999 0.136875 -0.7664000000000001 0.6269 0.05
21.020000000000003 0.23099999999999998 0.9470000000000001 1.2392999999999998 0.3459 0.15753 0.14513 0.13635000000000003 -1.079 0.131 0.15472 0.17166 0.077875 -0.26080000000000003 0.4799 0.05
22.34 -0.4018 0.995 0.0867 1.8759000000000001 0.14997000000000002 0.21619 0.11849000000000001 -1.097 -0.535 0.08656 0.14645999999999998 0.149125 0.4848000000000001 0.33849999999999997 0.05
29.419999999999998 0.06020000000000003 1.3250000000000002 1.0251 1.1959 0.13821 0.20735 0.14205 -0.14300000000000002 1.487 0.16144 0.21846 0.136625 -0.7280000000000001 0.41969999999999996 0.05
24.98 0.6174 0.759 1.5181 0.6179 0.16125 0.18525 0.05883 -1.4809999999999999 0.827 0.057760000000000006 0.17706 0.028625 -0.09760000000000002 0.6213 0.05
14.18 0.4438 0.787 0.1649 0.5907 0.16479 0.14343 0.07175000000000001 -1.967 -0.481 0.025599999999999998 0.17814 0.12537500000000001 -0.12960000000000005 0.3581 0.05
12.18 0.27860000000000007 0.9590000000000001 0.7224999999999999 1.7093 0.13713 0.29405 0.14965 -1.859 0.911 0.20368000000000003 0.28866 0.038625 -0.24159999999999993 0.3287 0.05
13.98 -0.17500000000000004 1.341 0.8075 1.4611 0.15999000000000002 0.15499 0.19829000000000002 -0.04699999999999993 -0.253 0.10336 0.29622 0.046125 -0.16479999999999995 0.8172999999999999 0.05
20.94 0.4858 0.7909999999999999 1.4739 1.4033 0.15813000000000002 0.22299000000000002 0.19145000000000004 0.16900000000000004 0.605 0.09952 0.29406 0.065875 0.6480000000000001 0.9768999999999999 0.05
25.3 0.012600000000000056 1.371 1.6813 0.6076999999999999 0.13635 0.24781 0.10975 -0.9410000000000001 0.6950000000000003 0.015519999999999999 0.23393999999999998 0.129375 -0.5168 0.9433 0.05
23.060000000000002 0.6537999999999999 0.901 1.2699 1.8895000000000002 0.16281 0.13255 0.028810000000000002 -0.5510000000000002 1.0010000000000003 0.14895999999999998 0.13854 0.137625 0.34399999999999986 0.7893 0.05
19.060000000000002 -0.34299999999999997 1.327 1.5079 1.0191 0.16371000000000002 0.18559 0.10253 -0.7789999999999999 1.013 0.23056000000000001 0.20514 0.08887500000000001 0.42400000000000015 0.5079 0.05
12.86 -0.37939999999999996 1.361 0.1683 0.5771 0.14103000000000002 0.20055 0.15041000000000002 -0.8089999999999999 0.7489999999999999 0.20032 0.2559 0.083625 -0.6704 0.4645 0.05
11.14 0.09100000000000008 1.2930000000000001 1.6846999999999999 1.2367000000000001 0.13593 0.18797 0.03869 -0.26900000000000013 -0.979 0.03904 0.15186 0.036375000000000005 -0.5264 0.5317 0.05
24.9 0.37660000000000005 0.683 0.6273 0.9783 0.13725 0.28895000000000004 0.05389000000000001 -1.517 -0.949 0.21808 0.2415 0.142875 0.34719999999999995 0.5051 0.05
14.5 0.5166 0.981 0.9401 0.9544999999999999 0.13575 0.17097 0.03147 -0.7430000000000001 1.0490000000000004 0.23152 0.29225999999999996 0.070375 0.3408 0.7011000000000001 0.05
13.940000000000001 -0.14979999999999993 0.563 0.7973 0.9204999999999999 0.16299000000000002 0.25393 0.03793 0.8770000000000002 0.18500000000000005 0.18736 0.14754 0.12337500000000001 -0.4944 0.6409 0.05
14.94 0.4354 1.385 0.10029999999999999 1.0871 0.16377 0.26753 0.14015000000000002 -0.34099999999999975 -0.02499999999999991 0.15616 0.21342 0.067875 -0.6224000000000001 0.5345 0.05
21.5 0.259 1.137 0.9605 0.9273 0.16485 0.26447 0.10328999999999999 0.42100000000000026 1.787 0.19648000000000002 0.18894 0.034125 -0.3024 0.4897 0.05
23.380000000000003 0.5698000000000001 0.6990000000000001 0.9843 0.6757 0.13563 0.29745 0.06985 0.21700000000000008 1.9849999999999999 0.16336 0.1425 0.116125 -0.33759999999999996 0.4435 0.05
20.78 0.14979999999999993 0.825 0.5525 1.3183 0.15243 0.22639 0.18271 -0.137 1.8710000000000004 0.22 0.17418 0.09187500000000001 -0.19679999999999997 0.5639 0.05
13.9 0.6594 0.507 1.3243 1.0803 0.14559 0.22571000000000002 0.11469 0.379 1.7570000000000001 0.13648000000000002 0.12414 0.107375 -0.3088 0.7795 0.05
27.78 -0.41579999999999995 0.9710000000000001 0.0799 1.2299 0.15945 0.16179 0.01133 -0.9949999999999999 -0.937 0.19840000000000002 0.12738 0.137875 0.10080000000000011 0.7921 0.05
13.42 -0.5389999999999999 1.081 0.7463 0.5974999999999999 0.15417 0.22163 0.16561000000000003 0.4690000000000003 1.4330000000000003 0.14272 0.19794 0.052375000000000005 -0.5296000000000001 0.5709 0.05
10.86 0.6426000000000001 0.523 0.7191 0.5125 0.14511000000000002 0.26378999999999997 0.10822999999999999 -1.6909999999999998 0.6110000000000002 0.03712 0.18822 0.031375 0.1744 0.4827 0.05
28.78 0.44100000000000006 0.991 1.6269 0.7879 0.13695000000000002 0.16859000000000002 0.03945 -1.5230000000000001 0.569 0.14608000000000002 0.17886 0.135875 0.6320000000000001 0.7137 0.05
12.9 -0.3374 1.123 1.4535 1.9099000000000002 0.15849000000000002 0.26549 0.15459 -0.131 0.44899999999999984 0.136 0.29586 0.146125 -0.25759999999999994 0.6423 0.05
18.02 0.19179999999999997 1.199 1.6133000000000002 1.3013 0.16071000000000002 0.16281 0.13749000000000003 0.5590000000000002 -0.34299999999999997 0.24064 0.22314 0.111375 -0.6256 0.3399 0.05
17.82 -0.17779999999999996 0.537 0.1173 0.9306999999999999 0.15027000000000001 0.20973 0.01817 -1.289 -0.379 0.18448 0.29334 0.140625 -0.7216 0.7613 0.05
16.22 -0.07979999999999998 0.623 1.2086999999999999 0.5057 0.15987 0.16893 0.07783 0.31899999999999995 1.5350000000000001 0.17824 0.2163 0.09237500000000001 0.01760000000000006 0.5191 0.05
20.700000000000003 0.6342000000000001 1.2810000000000001 0.4165 0.3187 0.13617 0.25529 0.17435 -1.373 0.851 0.24592 0.13494 0.08862500000000001 -0.504 0.31329999999999997 0.05
14.219999999999999 0.21420000000000006 1.065 1.0795 0.8049 0.16095 0.23829 0.09645 0.883 0.899 0.11535999999999999 0.19254 0.115375 0.6000000000000001 0.3231 0.05
15.34 0.04620000000000002 1.135 1.0285 0.5465 0.16275 0.22605 0.07251 -1.901 0.01100000000000012 0.01216 0.1641 0.025875000000000002 -0.21920000000000006 0.9055 0.05
22.46 0.12179999999999991 0.7010000000000001 0.7497 0.8933 0.15333000000000002 0.28283 0.01247 -1.001 -0.6849999999999999 0.14512000000000003 0.26058000000000003 0.09687500000000002 0.7312000000000001 0.8061 0.05
28.86 -0.5277999999999999 0.621 1.6711 1.6889 0.15603 0.13935 0.07897 -0.02299999999999991 0.5209999999999999 0.17488 0.21017999999999998 0.106875 -0.29280000000000006 0.6759 0.05
11.46 0.29259999999999997 1.113 0.3859 1.0565 0.14451 0.21483 0.06263 -0.5569999999999999 1.7810000000000001 0.20944000000000002 0.27354 0.076375 0.41759999999999997 0.3749 0.05
23.02 -0.39059999999999995 0.9610000000000001 0.1615 1.7569 0.14217000000000002 0.13187000000000001 0.09683 -1.391 0.16700000000000004 0.09376 0.21989999999999998 0.032875 0.6736000000000002 0.8747 0.05
29.58 0.26460000000000006 1.005 1.0556999999999999 1.4679000000000002 0.13983 0.23998999999999998 0.13787000000000002 -0.935 -0.847 0.17536000000000002 0.23034 0.09987499999999999 0.12959999999999994 0.9069 0.05
14.06 0.5418000000000001 1.197 0.5695 0.4887 0.13641 0.20871 0.10861 0.673 -0.955 0.23536 0.20262 0.079875 -0.16159999999999997 0.7151 0.05
17.06 0.1834 1.453 0.3655 0.8831 0.15489 0.19715 0.19905 -0.10699999999999998 0.137 0.17872000000000002 0.13638 0.076125 0.1904 0.6185 0.05
18.34 0.42700000000000005 1.319 0.4505 1.3114999999999999 0.13755 0.29881 0.19373 -1.325 1.8050000000000002 0.05392 0.14898 0.131875 0.5008000000000001 0.8831 0.05
23.98 -0.09940000000000004 0.871 0.14450000000000002 0.7266999999999999 0.15807000000000002 0.21278999999999998 0.052750000000000005 -0.7070000000000001 0.353 0.18784 0.13746 0.037875000000000006 0.4144000000000001 0.5485 0.05
20.18 0.133 0.649 0.49130000000000007 1.9711 0.15375 0.16927 0.03603 0.4570000000000003 1.271 0.06255999999999999 0.24222 0.10012499999999999 -0.5616000000000001 0.6815 0.05
19.939999999999998 -0.6062 0.657 1.3039 1.5767 0.13827 0.29949 0.16447000000000003 -0.845 -0.589 0.08992 0.29657999999999995 0.08662500000000001 -0.5648000000000001 0.4295 0.05
22.5 -0.5334 0.899 1.3617000000000001 1.6073 0.16251000000000002 0.29711 0.06909 -0.125 -0.595 0.23008 0.19685999999999998 0.147125 -0.32480000000000003 0.9601 0.05
29.74 0.6985999999999999 1.323 1.1679000000000002 1.6345 0.14667000000000002 0.21109 0.18423 -0.593 -0.943 0.09232 0.13422 0.145625 0.3759999999999999 0.9881 0.05
11.58 0.15259999999999996 0.767 1.3583 0.4445 0.14181000000000002 0.22910999999999998 0.17777 -1.331 1.427 0.0856 0.18497999999999998 0.037125000000000005 0.7536 0.6843 0.05
17.22 -0.3318 0.605 0.3689 0.34249999999999997 0.16107000000000002 0.28045 0.18613000000000002 0.8290000000000002 0.7429999999999999 0.12976 0.17381999999999997 0.115125 -0.7536 0.9279 0.05
14.74 -0.2898 1.391 1.1305 1.4951 0.14145000000000002 0.26617 0.10481 -1.2469999999999999 0.10699999999999998 0.10528 0.20622 0.09337500000000001 0.5168000000000001 0.7459 0.05
19.34 -0.5446 1.177 1.2767 0.8116999999999999 0.13737000000000002 0.16519 0.19981000000000002 -1.103 0.5630000000000002 0.24256 0.19397999999999999 0.053375000000000006 -0.35359999999999997 0.9810999999999999 0.05
19.54 0.6930000000000001 0.577 0.5049 0.3051 0.15981 0.16111 0.18841000000000002 -0.16700000000000004 0.31099999999999994 0.1408 0.24438 0.12412500000000001 0.3824000000000001 0.9419 0.05
23.740000000000002 -0.6537999999999999 1.179 1.4228999999999998 1.4917 0.13815 0.21653 0.16979 -1.751 -0.07299999999999995 0.184 0.13602 0.055625 0.5296000000000001 0.9362999999999999 0.05
22.54 -0.6649999999999999 0.777 0.9910999999999999 0.7743 0.14325000000000002 0.24305 0.12609 -0.7310000000000001 -0.31899999999999995 0.24976 0.28974 0.103625 -0.472 0.7333 0.05
14.46 -0.5641999999999999 1.353 1.0659 1.6039 0.14205 0.17403000000000002 0.01019 0.7690000000000001 0.4969999999999999 0.14032 0.14142 0.102375 -0.2128 0.8886999999999998 0.05
23.3 -0.38499999999999995 1.335 0.4471 1.6515 0.15405000000000002 0.15771000000000002 0.15535000000000002 0.1030000000000002 0.4849999999999999 0.07888 0.13818 0.12037500000000001 -0.09119999999999995 0.9335 0.05
11.7 0.3206 0.625 1.1509 0.7437 0.14943 0.29608999999999996 0.18157 -0.3889999999999998 -0.565 0.18544 0.23826 0.085375 -0.264 0.5148999999999999 0.05
13.22 0.46899999999999986 1.233 0.4369 1.9608999999999999 0.14697000000000002 0.15465 0.18385 -1.913 -0.241 0.08367999999999999 0.16626 0.107125 0.18399999999999994 0.5303 0.05
17.98 -0.23379999999999995 0.9650000000000001 0.6851 0.7097 0.13623000000000002 0.26209 0.08885 0.19300000000000006 -0.583 0.03856 0.27425999999999995 0.115875 0.4944000000000002 0.8536999999999999 0.05
26.540000000000003 -0.02100000000000002 0.849 0.2363 0.7947 0.14175000000000001 0.20190999999999998 0.14509 0.025000000000000355 -0.973 0.23248000000000002 0.2505 0.148625 0.06240000000000001 0.9979 0.05
18.86 0.032200000000000006 0.983 1.2834999999999999 0.8559000000000001 0.14091 0.23863 0.09151 -0.623 1.0730000000000004 0.18592 0.2631 0.078375 0.33440000000000003 0.4337 0.05
28.94 0.4326000000000001 1.347 0.5729000000000001 0.7606999999999999 0.14421 0.13459000000000002 0.17929 -0.3049999999999997 1.697 0.13456 0.26598 0.067125 -0.4912 0.8369 0.05
18.5 0.23660000000000003 0.769 1.0727 0.5295 0.15783 0.13153 0.19791 0.2589999999999999 -0.247 0.11775999999999999 0.21234 0.143625 0.5616000000000001 0.7417 0.05
12.5 0.5082 0.907 0.6443 0.4683 0.14607 0.19579000000000002 0.02083 0.5949999999999998 1.6909999999999998 0.24495999999999998 0.13241999999999998 0.132125 0.6992 0.7711 0.05
16.06 -0.6117999999999999 0.739 0.1343 1.7330999999999999 0.15189000000000002 0.29574999999999996 0.02007 -0.617 1.295 0.01264 0.29442 0.12162500000000001 0.3024 0.6325000000000001 0.05
17.94 0.5222 1.4689999999999999 0.9673 1.1177 0.16497 0.14819 0.04743000000000001 0.4930000000000003 -0.817 0.01744 0.15582 0.039375 -0.3664 0.7431 0.05
22.58 -0.5586 1.381 0.6579 0.7573000000000001 0.14931 0.22027000000000002 0.07061 0.6310000000000002 1.577 0.14464000000000002 0.22926 0.047625 0.11040000000000005 0.4169 0.05
19.22 0.37939999999999996 1.165 1.2427 1.4067 0.14049 0.17539 0.15307 -0.587 0.125 0.12639999999999998 0.15726 0.046375 0.16159999999999997 0.6549 0.05
22.740000000000002 -0.22539999999999993 1.209 0.5559000000000001 0.6689 0.14757 0.13595000000000002 0.057690000000000005 -0.647 0.42500000000000004 0.02848 0.23213999999999999 0.037625000000000006 -0.344 0.3147 0.05
23.66 -0.2562 0.9730000000000001 0.3621 1.8963 0.16467 0.14377 0.19753 -0.4849999999999999 1.6790000000000003 0.04672 0.26886 0.035125 -0.24480000000000002 0.7095 0.05
18.58 0.1694 0.675 0.3417 0.8150999999999999 0.14625000000000002 0.19171 0.06566999999999999 -1.619 0.5449999999999999 0.09663999999999999 0.2145 0.09012500000000001 -0.18079999999999996 0.7753 0.05
19.66 -0.5866 1.2349999999999999 0.7394999999999999 0.5023 0.14361000000000002 0.24577 0.01361 0.5709999999999997 -0.1329999999999999 0.06735999999999999 0.28722000000000003 0.028375 0.4560000000000002 0.5891 0.05
17.54 0.02100000000000002 1.2429999999999999 0.8245 1.8555000000000001 0.15921000000000002 0.26311 0.12076999999999999 -1.451 0.29899999999999993 0.09759999999999999 0.14429999999999998 0.073375 -0.4784 0.6129 0.05
19.42 0.5726 0.9670000000000001 1.6575 0.4547 0.14991000000000002 0.29847 0.02919 -0.07099999999999995 1.859 0.01888 0.2217 0.143875 -0.7248 0.7192999999999999 0.05
21.82 0.22540000000000004 0.573 0.8857 0.5261 0.13761 0.23726999999999998 0.11013 -1.271 0.6890000000000001 0.1576 0.19182 0.051875000000000004 0.7727999999999999 0.5765 0.05
27.18 -0.6005999999999999 0.863 0.9129 1.7841 0.15087 0.17335 0.14623 -1.469 1.157 0.20464000000000002 0.28181999999999996 0.132375 -0.10399999999999998 0.7304999999999999 0.05
22.22 -0.20580000000000004 0.661 1.4637 1.4509 0.15729 0.23353 0.07403 0.8170000000000002 0.7070000000000003 0.07311999999999999 0.15078 0.113375 0.09760000000000013 0.4099 0.05
17.740000000000002 -0.02939999999999998 1.0590000000000002 1.1883000000000001 1.0055 0.14391 0.14003000000000002 0.16295 0.9249999999999998 1.5469999999999997 0.19696 0.13566 0.059875000000000005 -0.030399999999999983 0.3329 0.05
16.18 0.581 0.593 0.37229999999999996 1.9269 0.15711 0.24203 0.04857 -0.09499999999999997 0.9590000000000001 0.16912000000000002 0.28434000000000004 0.09062500000000001 -0.07840000000000003 0.8327 0.05
25.34 -0.37099999999999994 0.753 0.0969 1.2231 0.14235 0.21585 0.17739000000000002 -1.343 0.2510000000000001 0.07168 0.27462 0.064875 0.17120000000000002 0.7683 0.05
10.06 0.46619999999999995 0.717 1.3651 1.8419 0.15159 0.14275000000000002 0.16485000000000002 -1.403 -0.655 0.18016 0.21882000000000001 0.045375 -0.29600000000000004 0.6857 0.05
10.9 0.3486 1.463 0.20229999999999998 1.5019 0.15315 0.29983 0.15877000000000002 0.133 1.145 0.2128 0.23898 0.040875 -0.3856 0.5036999999999999 0.05
11.620000000000001 0.03500000000000003 1.403 1.5147 0.9035 0.14139000000000002 0.27297 0.03983 0.06700000000000017 -0.763 0.07408 0.23718 0.12737500000000002 0.4368000000000001 0.42389999999999994 0.05
28.18 0.037800000000000056 0.9570000000000001 1.0454999999999999 0.4921 0.14439000000000002 0.27331 0.10139 0.9729999999999999 1.4090000000000003 0.14320000000000002 0.18569999999999998 0.063875 0.2896000000000001 0.9699 0.05
29.020000000000003 0.05180000000000007 1.185 1.6303 0.9579 0.16053 0.14615 0.030330000000000003 0.11499999999999977 -0.19299999999999995 0.08703999999999999 0.19218000000000002 0.06987499999999999 0.10720000000000007 0.5863 0.05
25.259999999999998 0.4969999999999999 1.451 0.0493 0.6416999999999999 0.14457 0.25053 0.11659000000000001 -1.7029999999999998 1.241 0.17440000000000003 0.19901999999999997 0.061375 -0.488 0.5261 0.05
20.66 0.31499999999999995 1.2570000000000001 0.9741000000000001 1.8827 0.13605 0.29540999999999995 0.05047 -1.841 1.367 0.07647999999999999 0.17274 0.140125 -0.036799999999999944 0.8803000000000001 0.05
21.18 0.6146 0.569 0.35869999999999996 1.8283 0.13569 0.28657 0.01171 0.7389999999999999 0.347 0.23872000000000002 0.2991 0.114625 0.5072000000000001 0.9209 0.05
27.3 -0.637 0.601 1.4705 1.1313 0.15777000000000002 0.22231 0.19107000000000002 -1.115 -0.985 0.01648 0.12125999999999999 0.105125 0.1200000000000001 0.3609 0.05
27.66 0.34299999999999997 0.531 0.47090000000000004 1.3251 0.15879000000000001 0.13017 0.14357000000000003 -1.355 -0.391 0.18928 0.13314 0.025625000000000002 0.6896000000000002 0.7515 0.05
27.34 0.31779999999999986 0.659 0.5797 1.9235000000000002 0.16185 0.16145 0.05237 0.3610000000000002 -0.07899999999999996 0.059680000000000004 0.25661999999999996 0.051125000000000004 -0.2096 0.5737 0.05
29.22 -0.2086 1.367 0.6204999999999999 1.7875 0.16029000000000002 0.20361 0.06833 -1.991 -0.667 0.18256 0.18462 0.058875000000000004 0.6416000000000002 0.6689 0.05
23.580000000000002 0.39339999999999997 1.217 0.8312999999999999 1.6277000000000001 0.13527 0.15023 0.06377000000000001 0.34299999999999997 0.887 0.22144 0.1245 0.140875 0.6128 0.8285 0.05
24.78 -0.6202 1.393 1.5623 0.7471 0.14061 0.23081 0.03299 -0.36499999999999977 0.45500000000000007 0.18304 0.26417999999999997 0.141125 0.16479999999999995 0.8074999999999999 0.05
15.42 0.35139999999999993 0.609 0.5355 1.9439 0.15459 0.25189 0.14737 -1.1389999999999998 1.9729999999999999 0.0616 0.16086 0.05437500000000001 -0.6064 0.8998999999999999 0.05
16.62 0.049000000000000044 1.0470000000000002 0.6647 1.7161 0.14817 0.21517 0.03717 -1.301 -0.919 0.124 0.20693999999999999 0.059125000000000004 -0.7632000000000001 0.3371 0.05
14.98 -0.5613999999999999 0.919 1.4603 0.5363 0.15387 0.15941 0.16751000000000002 -0.19100000000000006 0.5089999999999999 0.09088 0.19829999999999998 0.085125 -0.12319999999999998 0.49670000000000003 0.05
20.82 -0.6426 1.107 0.3995 1.3659000000000001 0.14283 0.18117 0.12533 -1.685 -0.43300000000000005 0.10912 0.24294 0.057875 0.011199999999999988 0.43789999999999996 0.05
10.42 -0.5166 0.761 0.2125 1.2163 0.14685 0.17573 0.13559000000000002 0.895 -0.349 0.02272 0.29766 0.116625 0.23520000000000008 0.6577 0.05
22.259999999999998 -0.04899999999999993 0.781 1.6643 0.5669 0.14193 0.27364999999999995 0.14281000000000002 -1.1629999999999998 1.685 0.03472 0.17634 0.072125 -0.3504 0.9251 0.05
28.98 0.4998 1.251 0.9027000000000001 1.7807 0.13539 0.27569 0.08429 -0.7190000000000001 -0.21699999999999997 0.20128000000000001 0.24761999999999998 0.055875 -0.2832 0.6507 0.05
29.82 0.4466000000000001 0.521 0.6715 1.7705 0.14763 0.19408999999999998 0.10290999999999999 -0.2510000000000001 1.5590000000000002 0.11295999999999999 0.20657999999999999 0.129125 -0.5456000000000001 0.4729 0.05
20.62 0.6818 0.677 1.4059000000000001 1.0361 0.13719 0.16757 0.11811 -0.18500000000000005 -0.835 0.16864 0.14682 0.044375 0.4720000000000002 0.8438999999999999 0.05
23.1 0.026600000000000068 1.495 0.8381 0.9409000000000001 0.13671 0.14241 0.12343 -0.7250000000000001 1.1869999999999998 0.18208 0.18137999999999999 0.12362500000000001 -0.664 0.8676999999999999 0.05
12.22 -0.46619999999999995 0.7949999999999999 0.25329999999999997 1.6311 0.14109000000000002 0.22333 0.026909999999999996 -0.677 1.8230000000000004 0.1696 0.12342 0.142625 0.4112 0.7444999999999999 0.05
26.220000000000002 -0.5726 1.455 0.20909999999999998 1.8997000000000002 0.16311 0.27841 0.16941 -0.893 -0.913 0.17104000000000003 0.13205999999999998 0.060875000000000005 0.3248000000000002 0.6031 0.05
27.58 0.6705999999999999 1.271 0.8925 0.6281 0.14805000000000001 0.27025 0.02577 0.5409999999999999 1.3130000000000002 0.17584000000000002 0.23321999999999998 0.08987500000000001 -0.2864 0.3651 0.05
27.06 0.3346 0.8049999999999999 0.14789999999999998 0.35609999999999997 0.14901 0.17232999999999998 0.18917000000000003 -0.5089999999999999 0.905 0.13888 0.28362 0.081625 -0.06879999999999997 0.4393 0.05
20.22 0.24220000000000008 1.411 1.2732999999999999 0.8899000000000001 0.15669 0.23251 0.14813 -0.875 1.7270000000000003 0.13984000000000002 0.2451 0.026125000000000002 -0.20640000000000003 0.4547 0.05
21.22 0.16659999999999997 1.241 0.1377 0.7539 0.16233 0.21381 0.14547000000000002 -0.11299999999999999 1.4210000000000003 0.15231999999999998 0.17598 0.09762499999999999 -0.6832 0.8229 0.05
29.14 -0.1946 1.333 0.49809999999999993 0.9749000000000001 0.16365000000000002 0.21891 0.13977000000000003 0.685 1.1749999999999998 0.03952 0.14501999999999998 0.038125000000000006 0.18720000000000003 0.6227 0.05
16.42 0.5529999999999999 0.655 1.1271 1.5699 0.16443000000000002 0.23761 0.01589 -1.973 1.3490000000000002 0.22240000000000001 0.18281999999999998 0.09712499999999999 -0.30560000000000004 0.9797 0.05
25.5 -0.6033999999999999 0.885 0.6476999999999999 0.6519 0.13749 0.29201 0.11962999999999999 0.6550000000000002 0.21500000000000008 0.02416 0.29874 0.047125 0.5488 0.8900999999999999 0.05
29.66 -0.1582 1.121 0.4777 0.6960999999999999 0.14913 0.25800999999999996 0.09112999999999999 0.33099999999999996 1.967 0.17008 0.18174 0.041875 -0.1008 0.40149999999999997 0.05
12.82 0.17220000000000002 0.525 1.5487 0.9069 0.15639 0.13323000000000002 0.19943000000000002 -0.21500000000000008 0.9710000000000001 0.05824 0.12702 0.144625 0.4880000000000002 0.9349000000000001 0.05
21.26 -0.6986 0.929 0.7769 1.2197 0.13959000000000002 0.29303 0.03413 -0.6890000000000001 0.2330000000000001 0.14848 0.19613999999999998 0.145875 0.36959999999999993 0.3861 0.05
10.02 -0.6509999999999999 0.575 0.24989999999999998 0.7641 0.15585000000000002 0.16825 0.025390000000000003 0.4450000000000003 0.9950000000000001 0.05344 0.15222 0.10137499999999999 -0.0048000000000000265 0.5779 0.05
18.66 -0.5082 0.549 0.9571000000000001 1.1551 0.15891 0.15125 0.06681 0.121 0.22100000000000009 0.17776000000000003 0.28542 0.132625 -0.17120000000000002 0.32589999999999997 0.05
16.66 -0.3654 0.845 0.6375 1.0531 0.15495 0.19647 0.18537 -1.061 0.5150000000000001 0.14128000000000002 0.2001 0.081375 -0.3408 0.4911 0.05
28.740000000000002 -0.245 0.713 0.5593 1.6787 0.14715 0.27976999999999996 0.06339 -1.943 -0.20499999999999996 0.21328 0.2127 0.070875 -0.6512 0.9824999999999999 0.05
14.3 0.18620000000000003 1.413 0.9537000000000001 0.39349999999999996 0.15381 0.16315000000000002 0.023490000000000004 -0.10099999999999998 -0.967 0.22816 0.18425999999999998 0.030625 -0.16799999999999993 0.6059 0.05
18.98 0.5642 1.331 0.2261 0.8661000000000001 0.14271 0.15839 0.13255 -0.569 1.217 0.04864 0.25302 0.112375 0.2832000000000001 0.9489000000000001 0.05
25.98 -0.42979999999999996 1.2189999999999999 1.3855 1.0497 0.16011 0.18048999999999998 0.022350000000000002 0.14500000000000002 -0.775 0.24304 0.2955 0.10062499999999999 0.5808 0.8341000000000001 0.05
16.259999999999998 -0.34019999999999995 1.4609999999999999 0.6001 1.9915 0.16263 0.16247 0.18651 -0.016999999999999904 1.8650000000000002 0.0352 0.14466 0.039625 0.5680000000000001 0.3497 0.05
27.54 0.30379999999999985 1.2229999999999999 1.2188999999999999 1.2707000000000002 0.16293000000000002 0.22876999999999997 0.11735000000000001 -0.581 -0.745 0.04336 0.16446 0.129875 0.0464 0.7277 0.05
28.14 -0.581 0.7929999999999999 1.4364999999999999 1.7671 0.14289000000000002 0.29506999999999994 0.17283 -1.5470000000000002 1.763 0.24159999999999998 0.16266 0.06912499999999999 0.0048000000000000265 0.5121 0.05
20.86 -0.32619999999999993 0.511 1.2597 1.5052999999999999 0.15615 0.14955000000000002 0.09379 -1.049 -0.643 0.244 0.18066 0.138625 -0.5104 0.5373 0.05
25.42 -0.6734 0.917 1.2869 1.2741 0.14409 0.16791 0.07213 -1.907 -0.697 0.23440000000000003 0.22998 0.032125 -0.456 0.3091 0.05
23.62 -0.4633999999999999 0.6950000000000001 0.5627 1.8045 0.15747 0.24747000000000002 0.14889 -1.463 -0.733 0.12495999999999999 0.2307 0.043625 0.6448 0.9040999999999999 0.05
18.18 0.2869999999999999 0.685 0.6953 0.5872999999999999 0.15075 0.25359 0.12913 -0.869 1.0970000000000004 0.06064 0.22818 0.12487500000000001 0.6960000000000002 0.5821000000000001 0.05
11.5 0.18059999999999998 1.275 0.8041 0.3799 0.14445000000000002 0.21822999999999998 0.09226999999999999 0.29499999999999993 0.4910000000000001 0.21904 0.24618 0.08637500000000001 -0.18720000000000003 0.8005 0.05
17.1 -0.5137999999999999 0.9770000000000001 0.1513 1.7127000000000001 0.14337 0.14547 0.05009 -1.7570000000000001 1.2530000000000001 0.23632 0.15402 0.068625 -0.5488 0.9531000000000001 0.05
16.1 0.14700000000000002 1.2109999999999999 0.5457 0.3765 0.13845000000000002 0.17267 0.02425 0.4870000000000001 -0.30099999999999993 0.09423999999999999 0.27137999999999995 0.049375 -0.23520000000000008 0.8130999999999999 0.05
14.34 -0.6566 0.589 0.40290000000000004 1.4815 0.16437000000000002 0.14105 0.10937 -0.17900000000000005 1.721 0.02896 0.2253 0.084125 0.5968 0.4939 0.05
27.740000000000002 0.20579999999999998 0.883 0.5287 0.7980999999999999 0.14889000000000002 0.19511 0.15497000000000002 -1.763 -0.04899999999999993 0.23920000000000002 0.22746 0.063625 0.536 0.7808999999999999 0.05
19.78 -0.4718 1.2970000000000002 0.5389 1.8453000000000002 0.14541 0.15703 0.16029000000000002 0.6429999999999998 -0.355 0.035679999999999996 0.21161999999999997 0.038875 0.31200000000000006 0.8158999999999998 0.05
11.26 0.4829999999999999 0.835 1.2631 1.2469000000000001 0.13851000000000002 0.28419 0.18119000000000002 -0.7969999999999999 -0.721 0.21472 0.22206 0.09212500000000001 -0.4336 0.8915 0.05
29.9 0.40460000000000007 1.2730000000000001 1.1577 0.5532999999999999 0.16359 0.24169000000000002 0.059590000000000004 0.6909999999999998 0.863 0.12256 0.13386 0.060125000000000005 0.7280000000000002 0.8425 0.05
16.02 -0.413 0.867 0.8755 1.2945 0.14037 0.26719000000000004 0.12190999999999999 0.38500000000000023 -0.33699999999999997 0.15712 0.28146 0.032375 -0.04959999999999998 0.9923 0.05
16.86 -0.42419999999999997 0.615 0.5423 1.0769 0.13995000000000002 0.25733 0.07820999999999999 -0.08899999999999997 0.7669999999999999 0.09999999999999999 0.22026 0.048625 -0.011199999999999988 0.8018999999999998 0.05
27.14 -0.4997999999999999 0.679 0.0765 0.7233 0.15183000000000002 0.28181 0.05731 -1.661 -0.367 0.013600000000000001 0.23574 0.06887499999999999 0.7504 0.3161 0.05
10.98 -0.5249999999999999 1.157 1.4568999999999999 1.9031 0.15501 0.17301 0.10443 -0.4129999999999998 0.2270000000000001 0.2368 0.28758 0.079375 -0.5232 0.9475 0.05
26.62 -0.32899999999999996 0.639 1.3345 1.9847 0.15435000000000001 0.19783 0.11925000000000001 -0.4910000000000001 1.4810000000000003 0.05104 0.21774 0.047875 -0.05599999999999994 0.5246999999999999 0.05
24.619999999999997 0.08820000000000006 1.181 0.4811 1.2061 0.15129 0.23591 0.03831 0.20500000000000007 1.2770000000000001 0.01984 0.22709999999999997 0.050375 -0.15839999999999999 0.3539 0.05
29.38 -0.49699999999999994 0.893 1.4330999999999998 1.1721 0.14535 0.27195 0.18081000000000003 -1.019 -0.691 0.03232 0.25266 0.062125 0.5840000000000001 0.7206999999999999 0.05
13.780000000000001 0.3877999999999999 0.567 1.3515 1.8929 0.14259 0.21143 0.05199 -1.109 0.0050000000000001155 0.24928 0.15977999999999998 0.064625 -0.7952 0.9153 0.05
27.82 -0.31779999999999997 1.295 0.2159 0.8389 0.16137 0.28079 0.04249000000000001 0.5289999999999999 0.15500000000000003 0.08415999999999998 0.17021999999999998 0.074625 -0.5968 0.9908999999999999 0.05
27.1 -0.623 1.3010000000000002 1.3073 1.1857 0.14517000000000002 0.27127 0.15421 -0.2809999999999997 1.2109999999999999 0.18112 0.2829 0.12437500000000001 0.6800000000000002 0.5905 0.05
28.580000000000002 0.3093999999999999 0.8089999999999999 0.3961 1.1653 0.15477000000000002 0.26141000000000003 0.18499000000000002 -1.589 0.4790000000000001 0.13504000000000002 0.26849999999999996 0.103375 -0.23840000000000006 0.5275 0.05
25.740000000000002 -0.4326 1.0350000000000001 0.4607 0.7777000000000001 0.14007 0.15329 0.18347000000000002 0.21099999999999985 1.4930000000000003 0.02128 0.24725999999999998 0.12237500000000001 -0.043199999999999905 0.3105 0.05
20.740000000000002 -0.12459999999999993 1.423 1.6473 0.7029000000000001 0.16317 0.23897000000000002 0.14091 0.2709999999999999 -0.277 0.10864 0.24941999999999998 0.06962499999999999 -0.7728 0.7948999999999999 0.05
22.14 0.5753999999999999 0.583 0.23290000000000002 1.1891 0.13857 0.29098999999999997 0.10177 -0.8029999999999999 -0.7809999999999999 0.08511999999999999 0.29982 0.081875 -0.02080000000000004 0.9615 0.05
12.98 -0.0013999999999999568 0.933 0.8177 0.3085 0.13545000000000001 0.14785 0.15155000000000002 -1.1509999999999998 1.439 0.06448 0.12054 0.08812500000000001 -0.6448 0.5512999999999999 0.05
23.54 -0.45499999999999996 0.585 1.0387 0.9137 0.15453 0.24067 0.08163 -0.833 -0.28300000000000003 0.18495999999999999 0.23358 0.09587500000000002 -0.32160000000000005 0.5233 0.05
13.620000000000001 -0.16379999999999995 1.191 0.2805 1.5665 0.14115 0.21993000000000001 0.03261 -0.14900000000000002 -0.7989999999999999 0.049600000000000005 0.24977999999999997 0.056125 -0.5712 0.9306999999999999 0.05
17.02 0.0798000000000001 0.815 0.0221 0.42410000000000003 0.15663000000000002 0.28351 0.04401 -0.9589999999999999 0.119 0.11728 0.18678 0.073625 0.25760000000000005 0.3707 0.05
27.38 -0.6901999999999999 0.927 0.6069 1.5835 0.15969 0.23931 0.05997 0.0129999999999999 1.7690000000000001 0.12064 0.29081999999999997 0.079625 0.5456000000000001 0.6339 0.05
19.619999999999997 -0.6958 0.823 1.2529 1.0973 0.14613 0.24917 0.15231 -0.052999999999999936 1.6429999999999998 0.10479999999999999 0.28325999999999996 0.148375 0.6512 0.4869 0.05
12.66 -0.259 1.263 1.1169 1.3829 0.16131 0.16723 0.15193 -0.911 -0.613 0.07984 0.21054 0.074875 -0.744 0.6073 0.05
13.26 0.5278 1.387 1.3787 1.9575 0.13863 0.24407 0.017410000000000002 0.613 -0.03699999999999992 0.030400000000000003 0.21917999999999999 0.074125 0.14239999999999997 0.7641 0.05
25.46 0.05740000000000001 0.503 0.2975 0.6791 0.14067000000000002 0.20667 0.01703 -0.010999999999999899 -0.018999999999999906 0.02704 0.13782 0.034625 0.6032 0.9446999999999999 0.05
21.060000000000002 0.06580000000000008 0.9630000000000001 0.9808999999999999 1.9506999999999999 0.14133 0.24509 0.09530999999999999 -1.997 -0.859 0.020319999999999998 0.24905999999999998 0.135375 0.42080000000000006 0.6143 0.05
24.42 -0.287 1.2269999999999999 1.3957000000000002 0.9884999999999999 0.14841000000000001 0.18423 0.10595 -0.2390000000000001 0.9530000000000001 0.0736 0.29478 0.106625 -0.12640000000000007 0.6717 0.05
15.82 0.21140000000000003 0.831 0.5219 0.47850000000000004 0.15123 0.27093 0.13407 -1.1869999999999998 -0.31299999999999994 0.20176000000000002 0.20801999999999998 0.075375 -0.014399999999999968 0.8844999999999998 0.05
11.54 -0.3822 1.131 1.2121 0.7131 0.14487 0.13731000000000002 0.17625000000000002 0.2650000000000001 -0.7929999999999999 0.12015999999999999 0.26705999999999996 0.09112500000000001 -0.44 0.9684999999999999 0.05
18.46 -0.14700000000000002 0.5609999999999999 0.9469000000000001 0.5567 0.13599 0.17369 0.18195000000000003 -0.2570000000000001 1.943 0.17200000000000001 0.2703 0.142125 -0.7696000000000001 0.7221 0.05
14.54 -0.4886 1.129 1.5521 0.8219000000000001 0.16173 0.25597000000000003 0.13597 0.43900000000000006 1.9009999999999998 0.23776000000000003 0.26094 0.040125 -0.02400000000000002 0.5093 0.05
24.38 -0.012600000000000056 0.535 1.5997000000000001 1.2843 0.14565 0.29133 0.19715000000000002 -0.3169999999999997 0.395 0.1528 0.12558 0.038375 0.7632000000000001 0.9726999999999999 0.05
10.62 0.09660000000000013 0.735 1.2903 0.48529999999999995 0.13911 0.20565 0.01931 0.7869999999999999 -0.1449999999999999 0.20416 0.22278 0.049625 -0.11040000000000005 0.5176999999999999 0.05
13.06 0.357 0.731 0.2431 1.0089000000000001 0.15963000000000002 0.27059 0.08238999999999999 -0.629 0.581 0.21376 0.27858 0.113125 0.6160000000000001 0.4029 0.05
24.58 0.5978000000000001 1.407 0.0731 0.3595 0.15957000000000002 0.29677 0.14661000000000002 0.9369999999999998 -0.42100000000000004 0.11488 0.21522 0.056875 0.22880000000000011 0.8187 0.05
19.380000000000003 0.5446 1.153 0.4063 1.5801 0.15471000000000001 0.25665 0.02501 0.6189999999999998 -0.889 0.19216 0.25373999999999997 0.045875 -0.7856000000000001 0.7599 0.05
25.62 -0.19179999999999997 0.727 0.6171 0.8491 0.14031000000000002 0.21959 0.10709 -1.577 0.5750000000000002 0.21952 0.28074 0.09087500000000001 0.792 0.8718999999999999 0.05
17.34 0.0013999999999999568 0.869 0.1309 1.1075 0.16155 0.17811 0.06415 -1.583 1.0310000000000001 0.23488 0.1839 0.108625 0.3216000000000001 0.5527 0.05
28.380000000000003 0.43820000000000014 1.2389999999999999 1.5113 1.5087 0.15003 0.27229 0.12761 -1.2349999999999999 -0.265 0.22336 0.17778 0.062375 -0.4464 0.8354999999999999 0.05
13.1 0.3682000000000001 1.0670000000000002 1.4025 1.5291 0.14571 0.18015 0.08695 -1.361 0.7190000000000003 0.10575999999999999 0.22493999999999997 0.114875 0.030399999999999983 0.8089 0.05
14.7 0.13019999999999998 1.163 1.0081 0.7505 0.14907 0.19545 0.06795 0.05500000000000016 -0.769 0.19792 0.20729999999999998 0.09662500000000002 0.1936 0.6003 0.05
23.14 0.6314 0.555 1.5929 0.32889999999999997 0.13647 0.24611 0.01285 -1.595 1.3010000000000002 0.15184 0.16302 0.09862499999999999 0.6096000000000001 0.8621000000000001 0.05
28.66 0.31220000000000003 0.7070000000000001 0.8415 1.7263 0.15555000000000002 0.14751 0.15117 -1.349 0.7849999999999999 0.11871999999999999 0.16949999999999998 0.058375 0.5136000000000001 0.4043 0.05
26.3 -0.5194 1.0430000000000001 0.8142999999999999 1.6175 0.15873 0.29337 0.11507 -1.625 -0.547 0.09567999999999999 0.26814 0.144375 0.5904 0.46729999999999994 0.05
13.18 0.17500000000000004 1.085 0.9095 1.2809 0.15579 0.22401 0.15345 -1.307 -0.901 0.19504000000000002 0.24330000000000002 0.12112500000000001 0.008000000000000007 0.44630000000000003 0.05
18.14 0.1946 1.013 1.4263 1.4101000000000001 0.15009 0.20429 0.04211 0.9609999999999999 1.283 0.16192 0.26382 0.141625 0.7120000000000002 0.48129999999999995 0.05
18.939999999999998 0.637 0.509 1.3991 1.6209 0.14343 0.17879 0.042870000000000005 -0.2270000000000001 0.5990000000000002 0.22672 0.26526 0.082625 -0.4656 0.5961 0.05
13.02 0.6062000000000001 0.517 0.3927 0.8321000000000001 0.15591000000000002 0.16587 0.15915 0.6970000000000001 0.935 0.07792 0.17994 0.053125000000000006 0.1392 0.9097 0.05
11.18 0.19740000000000002 0.671 0.0527 0.3867 0.14427 0.20803 0.19639 -0.4790000000000001 -0.505 0.22864 0.18713999999999997 0.066875 0.3984000000000001 0.3917 0.05
15.620000000000001 -0.2926 0.755 0.4539 1.7535 0.15099 0.16451 0.08923 -1.487 0.19700000000000006 0.16432 0.19973999999999997 0.057625 -0.7472000000000001 0.7039 0.05
17.9 0.08260000000000012 0.505 1.6744999999999999 0.6043 0.14313 0.16689 0.02767 -0.899 -0.751 0.16384 0.1893 0.12662500000000002 -0.5680000000000001 0.6675 0.05
17.42 -0.47459999999999997 1.435 0.3383 1.3863 0.14475000000000002 0.28725 0.09759 0.03100000000000014 1.121 0.13168 0.27678 0.105625 -0.1936 0.5428999999999999 0.05
10.3 -0.09660000000000002 0.9750000000000001 0.6681 1.4849 0.15063000000000001 0.26957 0.11545000000000001 -1.871 1.811 0.21184 0.13026 0.11962500000000001 0.40800000000000014 0.8214999999999999 0.05
27.7 -0.009800000000000031 1.491 0.48450000000000004 1.5189 0.16089 0.22673 0.09417 0.7930000000000001 0.923 0.06688 0.23862 0.027375000000000003 -0.09440000000000004 0.3119 0.05
23.46 0.6481999999999999 1.287 1.6371 1.9983 0.14523 0.15159 0.11887 0.7210000000000001 -0.841 0.043840000000000004 0.25698 0.109625 -0.5552 0.3553 0.05
17.58 -0.13859999999999995 0.7969999999999999 0.3315 1.8861 0.13581000000000001 0.17777 0.061110000000000005 -1.205 1.745 0.21616 0.14322 0.058125 0.20320000000000005 0.8761000000000001 0.05
16.78 -0.22819999999999996 1.349 1.4466999999999999 1.3625 0.13953000000000002 0.28759 0.19601000000000002 0.5169999999999999 0.365 0.24112 0.22674 0.08737500000000001 -0.039999999999999925 0.7781 0.05
20.5 0.4718 1.225 0.0323 0.9919 0.14883000000000002 0.18389 0.13217 -0.08299999999999996 1.8770000000000002 0.07744 0.28686 0.144125 -0.28959999999999997 0.5807 0.05
28.62 -0.16100000000000003 0.611 0.9876999999999999 1.9949 0.15267 0.22537000000000001 0.05845 -1.5590000000000002 1.259 0.041920000000000006 0.20406 0.055125 -0.6544000000000001 0.9950999999999999 0.05
22.02 -0.13579999999999992 1.203 0.2839 0.9511000000000001 0.15843000000000002 0.26039 0.06035000000000001 0.907 1.649 0.08175999999999999 0.18246 0.09137500000000001 0.7152000000000001 0.4603 0.05
14.42 0.15539999999999998 0.645 1.3141 0.6553 0.14979 0.24101 0.08315 0.649 1.0190000000000001 0.12928 0.19469999999999998 0.09962499999999999 0.7248000000000001 0.6436999999999999 0.05
19.46 0.4942 0.6890000000000001 0.47430000000000005 1.3999000000000001 0.15171 0.19817 0.13293000000000002 -0.41900000000000004 0.6350000000000002 0.03184 0.16877999999999999 0.10112499999999999 -0.4304 0.7346999999999999 0.05
16.9 0.2674000000000001 1.029 1.0489 1.2639 0.16239 0.26922999999999997 0.06301000000000001 0.7570000000000001 1.1989999999999998 0.10768 0.15617999999999999 0.043375 -0.17759999999999998 0.4085 0.05
29.46 0.45220000000000016 1.311 0.056100000000000004 0.6247 0.14307 0.23489 0.17093 -1.961 0.7609999999999999 0.01696 0.19757999999999998 0.130375 0.09120000000000006 0.6087 0.05
16.3 -0.5529999999999999 0.997 0.35190000000000005 1.3727 0.13659000000000002 0.29235 0.13103 -1.337 1.475 0.1216 0.12233999999999999 0.042625 -0.4368 0.8494999999999999 0.05
23.18 -0.18899999999999995 0.7050000000000001 1.2801 1.6617000000000002 0.14643 0.22435 0.17967000000000002 -1.781 0.43699999999999983 0.03808 0.17094 0.11837500000000001 0.5424 0.8551 0.05
15.5 -0.2786 1.2650000000000001 0.7701 1.4339000000000002 0.16047 0.25631 0.026529999999999998 0.5469999999999997 1.3610000000000002 0.19984000000000002 0.26958000000000004 0.102875 0.1519999999999999 0.9320999999999999 0.05
24.740000000000002 0.34020000000000006 1.439 1.6915 1.9201000000000001 0.15525 0.28623 0.05503 -0.7669999999999999 0.30499999999999994 0.21712 0.21486 0.080625 0.6352 0.7388999999999999 0.05
22.66 -0.5922 1.315 0.039099999999999996 1.3523 0.14775000000000002 0.15533 0.13027 -1.421 0.401 0.232 0.14934 0.033375 -0.31520000000000004 0.45189999999999997 0.05
25.78 -0.6285999999999999 0.989 0.8789 0.8593 0.14229 0.13561 0.05085 -0.19700000000000006 0.7549999999999999 0.21856 0.1911 0.051625000000000004 0.38880000000000003 0.5288999999999999 0.05
11.74 -0.2758 0.591 0.3757 1.9677 0.14955000000000002 0.21313 0.15383000000000002 -1.181 0.11299999999999999 0.20704000000000003 0.22854 0.147375 -0.6352 0.4855 0.05
29.18 0.6734 0.581 0.5831000000000001 0.9613 0.15033000000000002 0.22367 0.07973 -1.883 1.0250000000000004 0.07504 0.2037 0.09512500000000002 0.5776000000000001 0.4617 0.05
14.620000000000001 -0.2814 1.339 1.3549 1.4441000000000002 0.14835 0.25971 0.044770000000000004 0.7030000000000003 1.931 0.16240000000000002 0.29154 0.12087500000000001 -0.01760000000000006 0.5415 0.05
18.42 -0.5474 1.133 1.0319 1.3455 0.14547000000000002 0.13867000000000002 0.14243000000000003 -0.3769999999999998 0.383 0.1888 0.27786 0.130625 0.0656000000000001 0.8971 0.05
14.02 0.26180000000000003 1.2469999999999999 0.9503 0.3323 0.13803 0.24033 0.08998999999999999 0.19899999999999984 -0.511 0.14656000000000002 0.1749 0.115625 0.5104000000000002 0.6114999999999999 0.05
28.54 -0.06019999999999992 0.741 0.2567 1.3353 0.15093 0.18933 0.06529 -0.119 0.07099999999999995 0.03664 0.1497 0.149375 0.5711999999999999 0.5989 0.05
11.98 0.5306 1.267 1.3311 1.2571 0.15795 0.13357 0.13141 -1.565 0.8029999999999999 0.19744 0.13061999999999999 0.11937500000000001 -0.14559999999999995 0.6311 0.05
19.1 -0.5109999999999999 1.373 0.6817 0.7164999999999999 0.15015 0.21449000000000001 0.11583 0.9550000000000001 1.5229999999999997 0.18688 0.27102 0.134875 -0.33120000000000005 0.6465 0.05
20.58 -0.15259999999999996 1.145 0.059500000000000004 1.1584999999999999 0.14877 0.20259 0.11203 0.18699999999999983 0.2809999999999999 0.21568 0.26238 0.028875 -0.44320000000000004 0.3483 0.05
14.86 0.4494 1.433 1.1135 1.0394999999999999 0.15903 0.26888999999999996 0.10785 -1.085 -0.661 0.11584 0.25122 0.028125 -0.19999999999999996 0.5751 0.05
12.1 -0.11619999999999997 1.117 0.2703 0.5193 0.13689 0.19035 0.056170000000000005 -0.839 1.355 0.02608 0.12846 0.11737500000000001 -0.3792 0.3931 0.05
12.42 0.273 0.667 1.3107 0.33909999999999996 0.14739000000000002 0.28861000000000003 0.11051 -1.553 1.8410000000000002 0.12352 0.20873999999999998 0.08712500000000001 -0.7344 0.9111 0.05
17.78 0.05460000000000009 1.141 1.4841 1.9779 0.14871 0.27501 0.11431000000000001 0.7090000000000001 1.9129999999999998 0.17344 0.27966 0.058625000000000003 -0.6736 0.9138999999999999 0.05
10.78 -0.13019999999999998 0.909 1.2019 0.8729 0.14745 0.15737 0.049710000000000004 -1.793 0.14900000000000002 0.23728000000000002 0.24797999999999998 0.077125 -0.376 0.4589 0.05
17.7 0.2981999999999999 0.9510000000000001 0.7122999999999999 1.2503 0.14241 0.20633 0.06491000000000001 0.355 0.929 0.09856 0.22421999999999997 0.135625 -0.4496 0.6927 0.05
25.700000000000003 0.14139999999999997 0.921 1.0421 1.7603 0.13965 0.14071 0.07744999999999999 0.403 -0.10299999999999998 0.08752 0.22242 0.131375 0.4528000000000001 0.8032999999999999 0.05
26.7 0.10220000000000007 0.785 1.4501 0.4411 0.14733000000000002 0.14581 0.12571 -1.817 0.371 0.19264 0.15294 0.048125 -0.12 0.6955 0.05
11.66 -0.5054 1.021 0.0255 0.8694999999999999 0.15837 0.15601 0.17549 -1.073 -0.32499999999999996 0.21423999999999999 0.18318 0.083875 0.2128000000000001 0.6156999999999999 0.05
25.58 -0.5222 1.109 0.0017 0.8252999999999999 0.16473000000000002 0.29473 0.10518999999999999 -1.733 -0.006999999999999895 0.15136 0.26634 0.072875 -0.648 0.4841 0.05
26.86 0.6202000000000001 1.2610000000000001 1.6608999999999998 1.6753 0.16425 0.14683000000000002 0.014750000000000001 -0.32299999999999995 -0.4630000000000001 0.05872 0.26454 0.139125 -0.6864 0.4421 0.05
12.94 -0.32059999999999994 1.4649999999999999 1.5419 1.8521 0.15135 0.23795 0.10633 -1.157 1.9249999999999998 0.24016 0.2289 0.025375 -0.7824000000000001 0.9755 0.05
29.54 0.35420000000000007 1.4809999999999999 0.6987 1.4203000000000001 0.14919000000000002 0.29370999999999997 0.054650000000000004 -0.44300000000000006 0.7250000000000001 0.2056 0.27605999999999997 0.09487500000000001 -0.0016000000000000458 0.8607 0.05
18.740000000000002 -0.595 1.103 1.2971 1.3931 0.15273 0.16349 0.04173 -1.799 -0.05499999999999994 0.1096 0.25734 0.112125 0.7216000000000002 0.3567 0.05
17.46 0.399 0.533 0.1751 1.9065 0.15549000000000002 0.21755 0.18803000000000003 0.09100000000000019 -0.739 0.20848000000000003 0.21594 0.133125 -0.033600000000000074 0.7108999999999999 0.05
26.580000000000002 -0.04619999999999991 0.669 0.4947 1.4577 0.16245 0.19952999999999999 0.021589999999999998 -0.03499999999999992 0.839 0.06784 0.21702 0.12862500000000002 -0.10719999999999996 0.5498999999999999 0.05
21.78 -0.4942 0.833 0.0833 1.6651 0.15369 0.15193 0.08619 0.007000000000000117 1.9969999999999999 0.15952 0.1785 0.12262500000000001 0.6768000000000001 0.4323 0.05
21.939999999999998 -0.16659999999999997 1.345 0.7939 1.4883000000000002 0.14379 0.25290999999999997 0.16371000000000002 -0.641 -0.271 0.19168000000000002 0.19434 0.09837499999999999 0.24480000000000013 0.8705 0.05
25.22 -0.043399999999999994 1.095 1.6541 0.4071 0.13515000000000002 0.13051000000000001 0.16409 0.001000000000000334 -0.925 0.04096 0.28037999999999996 0.025125 0.6576000000000002 0.5541 0.05
26.5 -0.18059999999999998 0.763 1.6235000000000002 0.47509999999999997 0.15255000000000002 0.20939000000000002 0.18765 -1.631 0.641 0.09711999999999998 0.20478000000000002 0.102125 -0.3568 0.35109999999999997 0.05
25.14 -0.5838 0.875 0.8959 0.4037 0.14853 0.25427 0.09721 -0.43100000000000005 0.4670000000000001 0.10096 0.12522 0.135125 -0.07519999999999993 0.8256999999999999 0.05
26.939999999999998 -0.2618 0.747 0.5151 1.2775 0.15357 0.19273 0.12456999999999999 0.6070000000000002 1.307 0.01072 0.25805999999999996 0.132875 0.3056000000000001 0.36369999999999997 0.05
28.34 -0.007000000000000006 1.4929999999999999 0.3111 1.8725 0.14493 0.19885 0.034890000000000004 0.2290000000000001 0.917 0.0232 0.2865 0.085875 -0.08479999999999999 0.9082999999999999 0.05
23.94 0.23940000000000006 0.721 0.028900000000000002 1.3387 0.15537 0.29269 0.05579 -1.655 0.41300000000000003 0.1336 0.21089999999999998 0.067375 0.5232000000000001 0.9671000000000001 0.05
19.7 -0.6621999999999999 1.437 1.0352999999999999 1.6005 0.14355 0.14037 0.16333000000000003 0.7330000000000001 1.3970000000000002 0.11679999999999999 0.18641999999999997 0.027625 0.7696000000000001 0.7052999999999999 0.05
26.66 0.6958 1.383 0.42669999999999997 1.1142999999999998 0.16257000000000002 0.13391 0.16599000000000003 0.23499999999999988 1.0550000000000002 0.18352 0.19074 0.12137500000000001 -0.11680000000000001 0.40709999999999996 0.05
11.42 0.1077999999999999 0.613 1.1815 1.3489 0.16431 0.26175 0.12115 -1.835 -0.673 0.0832 0.25554 0.106375 -0.38880000000000003 0.8984999999999999 0.05
24.299999999999997 0.023800000000000043 1.399 1.3447 0.6485000000000001 0.15939 0.25087 0.01627 -0.7549999999999999 1.601 0.10672 0.17742 0.052625000000000005 -0.6000000000000001 0.5877 0.05
23.22 0.2338 1.155 0.9639000000000001 1.0633 0.16383 0.18729 0.06756999999999999 -0.683 1.4570000000000003 0.016 0.1605 0.109375 0.12639999999999996 0.3301 0.05
17.38 -0.5977999999999999 0.905 1.1917 1.9405 0.16083 0.17675000000000002 0.05161 0.4630000000000001 0.7729999999999999 0.04768 0.16194 0.11912500000000001 -0.13279999999999992 0.7907 0.05
19.14 -0.04059999999999997 1.0110000000000001 0.18189999999999998 1.5869 0.15249000000000001 0.25766999999999995 0.18575000000000003 0.919 1.7030000000000003 0.19072 0.2901 0.078875 0.08160000000000012 0.9839 0.05
18.619999999999997 -0.5306 1.249 0.4675 1.1041 0.15687 0.15227000000000002 0.12723 -1.091 0.6830000000000003 0.1912 0.20838 0.149875 0.47520000000000007 0.7486999999999999 0.05
20.3 0.3962000000000001 1.045 1.4875 0.5498999999999999 0.15309 0.19375 0.13521000000000002 -0.2630000000000001 0.2929999999999999 0.03328 0.24366 0.073125 0.04960000000000009 0.8929 0.05
27.02 0.16379999999999995 0.897 0.1955 0.3833 0.15597 0.29167 0.15079 -0.653 1.8530000000000002 0.15376 0.14574 0.026625000000000003 -0.7120000000000001 0.41409999999999997 0.05
26.1 0.007000000000000006 1.3050000000000002 1.0625 1.5223 0.13773000000000002 0.25222999999999995 0.10557 -0.2929999999999997 -0.823 0.08896 0.12269999999999999 0.130125 0.14559999999999995 0.46309999999999996 0.05
22.42 -0.31499999999999995 1.077 1.4909 1.1109 0.15651 0.13493 0.19525 0.931 0.40700000000000003 0.0904 0.23286 0.104875 0.12319999999999998 0.9586999999999999 0.05
29.7 0.30099999999999993 1.395 0.41309999999999997 1.1279 0.16455 0.23285 0.08847000000000001 -0.815 1.883 0.2488 0.2919 0.145375 0.18079999999999996 0.34409999999999996 0.05
13.58 0.11059999999999992 0.711 0.1887 1.2095 0.14415 0.19919 0.12837 0.8650000000000002 1.7149999999999999 0.1936 0.1335 0.133375 0.6608 0.5387 0.05
20.42 -0.6397999999999999 1.3130000000000002 0.8653 1.5427 0.15201 0.15567 0.04515 -1.031 0.9650000000000001 0.13696 0.25446 0.064125 -0.45920000000000005 0.7865 0.05
15.06 0.043399999999999994 0.865 1.1101 1.5121 0.15735000000000002 0.13289 0.06187000000000001 -0.32899999999999974 -0.33099999999999996 0.11631999999999999 0.28614 0.040625 -0.6608 0.8858999999999999 0.05
11.02 -0.483 0.501 0.3451 0.4207 0.14403000000000002 0.21925 0.03907 0.04300000000000015 -0.895 0.13744 0.26922 0.11887500000000001 0.11360000000000015 0.38749999999999996 0.05
23.26 0.6258000000000001 0.579 1.4433 1.7297 0.13809000000000002 0.14207 0.01209 0.27700000000000014 -0.877 0.0208 0.14718 0.148875 -0.68 0.6353 0.05
27.259999999999998 0.3373999999999999 0.789 0.6034999999999999 0.7335 0.16197 0.17607 0.041350000000000005 -1.721 -0.45100000000000007 0.08943999999999999 0.1299 0.033625 -0.6928000000000001 0.3665 0.05
18.26 -0.6846 1.097 1.5249 1.7433 0.15441000000000002 0.27161 0.13065000000000002 0.859 0.875 0.12304 0.26202000000000003 0.09562500000000002 -0.1519999999999999 0.6563 0.05
13.7 0.25060000000000004 1.4889999999999999 0.8517 0.6111 0.15105000000000002 0.24713000000000002 0.08581 -0.46099999999999985 1.637 0.027999999999999997 0.19290000000000002 0.105875 0.7856000000000001 0.4477 0.05
21.58 0.5109999999999999 1.205 0.9978999999999999 1.8249 0.15141000000000002 0.23420999999999997 0.14433 -1.5350000000000001 1.319 0.13792000000000001 0.2883 0.077625 -0.5584 0.5947 0.05
21.74 -0.4522 0.857 0.5253 1.3216999999999999 0.14751 0.25155 0.060730000000000006 -1.529 -0.06099999999999994 0.2152 0.16014 0.142375 0.24160000000000004 0.6703 0.05
23.34 -0.26739999999999997 0.519 1.6031 1.9337 0.15609 0.22843 0.05541 -1.637 -0.127 0.02656 0.22637999999999997 0.141875 0.17759999999999998 0.5401 0.05
22.06 -0.03499999999999992 0.551 0.0697 1.7943 0.14469 0.14411000000000002 0.02463 0.40900000000000025 0.617 0.04288 0.21198 0.09787499999999999 0.2704 0.4505 0.05
27.5 0.1582 1.0230000000000001 0.035699999999999996 1.7467 0.13869 0.26651 0.19297 -1.853 0.2390000000000001 0.22288 0.2019 0.059625000000000004 -0.48160000000000003 0.38889999999999997 0.05
24.259999999999998 -0.567 1.255 1.1611 1.5597 0.14577 0.25937 0.01551 0.2410000000000001 0.857 0.07552 0.28794 0.062875 -0.22240000000000004 0.4253 0.05
29.98 -0.357 1.479 1.1781000000000001 1.8351 0.14895 0.16961 0.07023 0.637 0.09499999999999997 0.14224 0.23934 0.144875 -0.4752 0.5205 0.05
12.620000000000001 0.24780000000000002 1.0310000000000001 0.8891 1.5903 0.13785 0.13527 0.09493 0.4330000000000003 0.02300000000000013 0.20992 0.26742 0.130875 -0.7088000000000001 0.5849 0.05
19.259999999999998 0.13579999999999992 0.631 0.2635 1.3693 0.13533 0.19477 0.04591 -0.851 1.2650000000000001 0.027520000000000003 0.1407 0.071625 0.13279999999999992 0.4715 0.05
10.66 0.12459999999999993 0.783 0.8687 1.4543000000000001 0.16143000000000002 0.18287 0.07099 -1.259 1.991 0.24736 0.21666 0.065375 0.38559999999999994 0.7066999999999999 0.05
15.540000000000001 0.3066 0.773 0.0085 0.8014999999999999 0.13521 0.22061 0.020450000000000003 -0.611 1.5709999999999997 0.11152 0.14178 0.09887499999999999 0.44000000000000017 0.5135 0.05
26.9 -0.5418 0.9450000000000001 1.0012999999999999 1.8623 0.13551000000000002 0.23115 0.027290000000000002 -0.7609999999999999 -0.865 0.01408 0.15114 0.09312500000000001 0.5040000000000002 0.9222999999999999 0.05
10.18 -0.09099999999999997 0.775 1.6677 0.8763000000000001 0.16461 0.28554999999999997 0.07441 0.367 1.1269999999999998 0.06592 0.14357999999999999 0.10087499999999999 -0.5936 0.5065 0.05
14.82 0.13859999999999995 1.087 0.5185 0.44789999999999996 0.16449 0.19001 0.10100999999999999 0.5049999999999999 1.613 0.18064 0.15474 0.061625 0.552 0.9264999999999999 0.05
24.060000000000002 -0.47739999999999994 0.599 1.0149 0.6315 0.13917000000000002 0.17981 0.17245000000000002 -0.4249999999999998 -0.41500000000000004 0.21136 0.26166 0.147625 0.248 0.7767 0.05
20.98 0.36260000000000003 0.859 1.6881 1.7059000000000002 0.14925000000000002 0.28385 0.03337 0.30699999999999994 -0.4750000000000001 0.23104000000000002 0.29298 0.107875 0.5200000000000002 0.6885 0.05
11.06 0.5473999999999999 0.641 1.3753 1.7909 0.13629000000000002 0.26243 0.17397 -0.9529999999999998 0.2450000000000001 0.20272 0.25229999999999997 0.09412500000000001 -0.39840000000000003 0.4351 0.05
10.34 -0.6706 0.987 0.9265 1.1823 0.15561 0.21245 0.17663 0.0730000000000004 -0.15699999999999992 0.07024 0.27174 0.066625 -0.2288 0.8481000000000001 0.05
18.9 0.5249999999999999 1.049 0.7021000000000001 1.8079 0.13791 0.16417 0.02615 -1.319 0.869 0.03136 0.29262 0.071875 0.05280000000000007 0.6283 0.05
22.62 0.2702000000000001 1.057 0.8993 1.6549 0.15693000000000001 0.14853 0.10214999999999999 -1.775 0.6470000000000002 0.14368000000000003 0.23537999999999998 0.12312500000000001 -0.1552 0.5555 0.05
24.46 0.3457999999999999 1.079 0.5491 0.4615 0.16305 0.26107 0.17359000000000002 -1.7149999999999999 1.403 0.20608 0.27534000000000003 0.113875 0.6672 0.5667 0.05
27.9 -0.24779999999999996 0.729 0.6511 1.0837 0.16347 0.25018999999999997 0.023110000000000002 -0.7909999999999999 1.205 0.12448 0.19002 0.112875 0.014399999999999968 0.3413 0.05
28.22 0.6761999999999999 0.9490000000000001 0.1921 0.4717 0.15351 0.28963 0.03375 -0.5390000000000001 1.3850000000000002 0.022240000000000003 0.15654 0.056625 -0.5072000000000001 0.6016999999999999 0.05
29.3 -0.6257999999999999 1.151 0.5763 1.5631 0.16491 0.25461 0.07327 0.7510000000000003 0.08899999999999997 0.2296 0.20226 0.111875 0.3792 0.6773 0.05
15.22 -0.40739999999999993 1.0270000000000001 1.3685 1.2876999999999998 0.15513000000000002 0.21687 0.08771 -1.241 -0.493 0.05152 0.22602 0.036125000000000004 -0.07199999999999995 0.31889999999999996 0.05
26.02 -0.07699999999999996 0.603 0.0663 0.7709 0.14301 0.18457 0.06947 -0.7010000000000001 -0.18099999999999994 0.05248 0.2721 0.075875 0.29280000000000017 0.9559 0.05
23.78 0.371 0.861 0.8347 1.9473 0.16209 0.23523 0.054270000000000006 0.6669999999999998 -0.8049999999999999 0.11439999999999999 0.25517999999999996 0.029125 0.27680000000000016 0.9895 0.05
13.3 -0.119 1.375 0.33490000000000003 1.0157 0.13905 0.21007 0.14167000000000002 0.1509999999999998 0.653 0.22384 0.15366 0.12837500000000002 -0.45280000000000004 0.9517 0.05
22.3 -0.10499999999999998 0.539 1.6439 0.7913000000000001 0.14961000000000002 0.13221 0.16523000000000002 0.4750000000000001 0.7789999999999999 0.14752 0.16734 0.112625 -0.6032000000000001 0.7837000000000001 0.05
16.5 -0.07419999999999993 0.633 0.1275 0.6451 0.14043 0.28929 0.12875 -0.40700000000000003 -0.625 0.11103999999999999 0.17309999999999998 0.12762500000000002 -0.06240000000000001 0.5974999999999999 0.05
17.66 0.07420000000000004 0.851 1.5793000000000001 1.2911 0.16191 0.17845 0.16865 -1.949 -0.10899999999999999 0.1792 0.26561999999999997 0.113625 0.043200000000000016 0.6647 0.05
25.54 0.018199999999999994 0.877 1.2257 0.6893 0.14253000000000002 0.13901 0.06643 -0.7370000000000001 -0.08499999999999996 0.15808 0.18102000000000001 0.12712500000000002 0.6864000000000001 0.47709999999999997 0.05
13.5 0.17779999999999996 1.2890000000000001 1.3923 1.4305 0.13653 0.24849 0.12152999999999999 -0.923 -0.09099999999999997 0.0928 0.28506 0.12287500000000001 -0.05279999999999996 0.7473 0.05
10.5 -0.3458 0.547 1.1237 0.9817 0.15789 0.24645 0.17891 0.15700000000000003 0.815 0.0568 0.24042 0.056375 -0.2992 0.7291 0.05
24.34 0.3737999999999999 1.441 1.0216999999999998 0.7675000000000001 0.14385 0.16043 0.19449 -1.313 0.17300000000000004 0.19552 0.20586 0.070625 0.3728 0.8733 0.05
27.98 0.32899999999999996 1.449 0.5899000000000001 0.3901 0.15039 0.23625 0.19183000000000003 -0.2869999999999999 0.629 0.22528 0.18209999999999998 0.031875 0.5744 0.3973 0.05
26.42 0.11619999999999997 0.6910000000000001 1.3481 0.4649 0.15423 0.16485 0.19069000000000003 0.2829999999999999 -0.22899999999999998 0.24352 0.23142 0.134125 0.6928000000000001 0.3525 0.05
21.46 -0.1078 0.749 0.3893 1.1245 0.15177000000000002 0.17165 0.08011 -1.2650000000000001 0.19100000000000006 0.10815999999999999 0.13926 0.137125 0.07840000000000003 0.6478999999999999 0.05
24.86 -0.6454 1.307 1.1203 0.9715 0.14793 0.19205 0.15763000000000002 -0.635 1.835 0.20800000000000002 0.19326 0.09462500000000001 0.6192 0.5597 0.05
24.7 0.07700000000000007 1.499 0.9061 0.5431 0.16005 0.14479 0.05351 -1.919 1.673 0.10288 0.24006 0.09287500000000001 -0.792 0.37629999999999997 0.05
15.700000000000001 0.12739999999999996 1.009 0.7259 0.4377 0.15447 0.22197 0.06225000000000001 0.5830000000000002 1.895 0.16288 0.14862 0.044125 0.4336 0.4001 0.05
21.380000000000003 0.5362 1.355 1.0999 1.7739 0.13701000000000002 0.26277 0.10404999999999999 -1.937 -0.961 0.16096 0.19506 0.048875 -0.2672 0.9573 0.05
23.700000000000003 -0.27299999999999996 1.291 1.6404999999999998 1.5529 0.15303 0.25869 0.17473 0.17499999999999982 0.7969999999999999 0.08224 0.16662 0.082125 -0.008000000000000007 0.9544999999999999 0.05
22.94 -0.23099999999999998 0.887 0.4233 1.3557 0.15657000000000001 0.21075 0.04667 0.7810000000000001 1.343 0.0544 0.22962 0.051375000000000004 0.4304000000000001 0.6255 0.05
11.34 -0.1442 0.565 0.7905 1.9541 0.15261 0.21550999999999998 0.19259 -1.397 1.505 0.04576 0.16806 0.041625 0.4272 0.9026999999999998 0.05
27.42 -0.6594 0.8069999999999999 1.1747 1.7195 0.15531 0.16655 0.01437 -0.359 0.6590000000000003 0.09807999999999999 0.21414 0.060375000000000005 0.3184 0.8873 0.05
28.82 0.21699999999999997 1.105 1.1407 0.3697 0.14481 0.20905 0.02197 0.30100000000000016 1.541 0.0784 0.1371 0.063125 0.36319999999999997 0.3469 0.05
10.1 0.6565999999999999 1.4849999999999999 0.48790000000000006 0.9953000000000001 0.14097 0.18253 0.09873 -1.169 -0.11499999999999999 0.21087999999999998 0.2847 0.078125 0.7024000000000001 0.3679 0.05
13.38 -0.05740000000000001 0.817 0.7531 1.5733 0.16395 0.15975 0.17131000000000002 0.8230000000000004 1.463 0.04048 0.16122 0.12587500000000001 0.0848000000000001 0.8396999999999999 0.05
27.46 0.6398000000000001 0.557 1.2937 0.8287 0.13941 0.19613 0.17587 0.2530000000000001 0.052999999999999936 0.19024 0.1551 0.109125 -0.40800000000000003 0.5470999999999999 0.05
25.1 0.6874 0.881 1.6948999999999999 1.1755 0.15801 0.23693 0.09607 0.08499999999999996 -0.577 0.06304 0.29513999999999996 0.147875 -0.2704 0.8047 0.05
29.34 -0.12739999999999996 1.4969999999999999 0.3791 0.3969 0.15933 0.28453 0.06453 -1.025 -0.235 0.04528 0.1677 0.134625 -0.08799999999999997 0.8298999999999999 0.05
19.5 0.3233999999999999 1.483 0.7429 0.5737 0.14631 0.20021 0.16789 -1.121 1.529 0.01456 0.16986 0.09637500000000002 -0.6096 0.8593 0.05
13.14 -0.023800000000000043 1.119 0.7837000000000001 1.8589 0.14223 0.13085 0.04895000000000001 -0.575 -0.16899999999999993 0.08847999999999999 0.23646 0.062625 0.1552 0.3217 0.05
24.5 0.5866 0.985 1.5589 0.5635 0.14949 0.15295 0.08961 0.3730000000000002 1.109 0.07071999999999999 0.24114 0.12787500000000002 -0.4112 0.49529999999999996 0.05
26.380000000000003 -0.30659999999999993 1.0030000000000001 0.9367000000000001 0.5703 0.16329000000000002 0.28520999999999996 0.14129000000000003 0.8109999999999999 1.061 0.22096 0.18966 0.133875 -0.552 0.6913 0.05
17.86 -0.0938 1.343 1.0047 1.7365 0.14295000000000002 0.29064999999999996 0.14699 0.1629999999999998 1.6550000000000002 0.07696 0.26993999999999996 0.055375 0.05920000000000003 0.7655 0.05
20.259999999999998 -0.46059999999999995 0.515 0.5015 1.4135 0.15111000000000002 0.28997 0.14851 0.9009999999999998 0.08299999999999996 0.19888 0.1965 0.08687500000000001 -0.76 0.9964999999999999 0.05
29.94 -0.12179999999999991 0.837 1.0693 1.6991 0.15507 0.19307 0.04363 0.9489999999999998 -0.30699999999999994 0.0424 0.14214 0.044875 -0.4688 0.30069999999999997 0.05
12.06 -0.18620000000000003 1.061 1.5215 1.2129 0.15339 0.28317000000000003 0.13179000000000002 -1.931 0.845 0.11008 0.22386 0.061875 -0.4016 0.3021 0.05
21.9 -0.17220000000000002 1.397 1.4093 0.6859 0.14265 0.13833 0.09340999999999999 -1.643 1.391 0.15424 0.15761999999999998 0.12687500000000002 -0.776 0.6633 0.05
24.14 0.6621999999999999 1.0510000000000002 0.6545 0.9171 0.16077 0.16009 0.09835 0.45100000000000007 -0.649 0.14992 0.25626 0.111625 -0.6288 0.6493 0.05
10.94 0.02939999999999998 1.389 1.0829 1.6379000000000001 0.13779 0.19749 0.08467 -1.649 0.5870000000000002 0.08079999999999998 0.17562 0.066375 0.776 0.4211 0.05
17.5 -0.29539999999999994 0.725 0.3145 0.4819 0.13833 0.28113 0.16143000000000002 0.8530000000000002 0.5329999999999999 0.088 0.1587 0.067625 -0.6768000000000001 0.7571 0.05
12.74 -0.133 0.979 1.0965 1.4407 0.14691 0.26583 0.09911 -0.881 -0.829 0.01504 0.25014 0.129625 0.2096 0.5331 0.05
11.38 -0.5362 0.5589999999999999 1.1339000000000001 1.3285 0.14019 0.24679 0.18727000000000002 -1.877 1.0670000000000002 0.05584 0.1767 0.031625 0.26080000000000014 0.5834999999999999 0.05
11.3 0.3317999999999999 1.0390000000000001 1.2223 0.6655 0.14463 0.27637 0.09987 0.5110000000000001 0.34099999999999997 0.076 0.13962 0.116375 0.3375999999999999 0.4365 0.05
16.94 -0.4382 1.279 1.0931 1.5257 0.13887000000000002 0.27875 0.12419 0.6790000000000003 0.9470000000000001 0.2008 0.2343 0.046625 0.44640000000000013 0.8312999999999999 0.05
14.66 0.2198 1.425 1.4195 0.7199 0.15861 0.26515 0.07859 -1.133 0.593 0.060160000000000005 0.12161999999999999 0.146875 0.7824 0.8145 0.05
12.780000000000001 -0.08819999999999995 1.0630000000000002 0.7803 0.6009 0.15885000000000002 0.26344999999999996 0.16827 -1.055 -0.21099999999999997 0.019360000000000002 0.24474 0.032625 -0.4208 0.7557 0.05
13.34 -0.42139999999999994 0.607 0.30429999999999996 1.6481000000000001 0.15081 0.17505 0.03223 -1.145 -0.397 0.22624 0.27498 0.09737499999999999 -0.0816 0.9992999999999999 0.05
15.38 -0.48019999999999996 1.175 1.5861 1.0225 0.15213000000000002 0.28215 0.07365 0.7629999999999999 0.7309999999999999 0.1192 0.14826 0.11862500000000001 0.21599999999999997 0.4659 0.05
25.380000000000003 0.5893999999999999 0.571 0.24650000000000002 0.8083 0.13743 0.18831 0.08277 0.10899999999999999 1.0070000000000001 0.1768 0.28398 0.141375 0.29920000000000013 0.8383 0.05
13.66 -0.34859999999999997 1.201 0.4641 1.3047 0.15321 0.28589 0.01095 0.3370000000000002 1.7389999999999999 0.15088 0.19578 0.117125 -0.21600000000000008 0.9741 0.05
26.060000000000002 0.5558000000000001 0.687 1.4773 0.9681 0.13503 0.28147 0.13825 0.8710000000000004 1.2469999999999999 0.22192 0.21306 0.083375 -0.3824 0.6871 0.05
19.18 0.5053999999999998 0.665 0.9775 1.0123 0.14967 0.19680999999999998 0.08353 -1.505 1.565 0.01168 0.15258 0.10037499999999999 -0.25439999999999996 0.7081 0.05
18.78 -0.06299999999999994 1.237 0.5865 0.9238999999999999 0.13557 0.15363 0.12380999999999999 -1.709 -0.40900000000000003 0.1504 0.20765999999999998 0.030375 0.40480000000000005 0.8467 0.05
20.34 -0.6818 0.715 0.2907 0.3629 0.13923000000000002 0.27773 0.07593 -1.571 0.04700000000000015 0.1312 0.17454 0.101875 0.20639999999999992 0.6899 0.05
17.3 0.4214 0.819 0.4403 1.4475 0.14319 0.19341 0.16713000000000003 0.835 1.169 0.13936 0.24833999999999998 0.12612500000000001 -0.5744 0.4533 0.05
27.86 -0.24219999999999997 1.2309999999999999 1.1849 1.1482999999999999 0.16419 0.14717 0.07934999999999999 -1.2530000000000001 1.6070000000000002 0.0472 0.15042 0.133625 0.5264000000000002 0.7697 0.05
25.66 0.609 1.171 0.6409 1.5563 0.15429 0.20293 0.07669 -1.445 -0.030999999999999917 0.18976 0.18353999999999998 0.139625 0.44320000000000004 0.5163 0.05
23.86 0.3597999999999999 1.467 0.17850000000000002 0.4513 0.14583000000000002 0.14173 0.10671 0.9969999999999999 -0.637 0.01024 0.28218 0.076875 0.0016000000000000458 0.7528999999999999 0.05
20.02 -0.37659999999999993 0.545 0.26689999999999997 0.6722999999999999 0.14865 0.19103 0.18005000000000002 -1.7690000000000001 -0.259 0.06496 0.12306 0.101625 -0.3952 0.4183 0.05
20.380000000000003 0.3822000000000001 1.093 1.1951 1.1415 0.14553000000000002 0.14309 0.15953 0.601 0.2689999999999999 0.24544 0.29118 0.09387500000000001 -0.6896 0.6800999999999999 0.05
18.54 0.39060000000000006 0.765 0.6613 1.4169 0.16041 0.20768999999999999 0.046290000000000005 0.04900000000000038 1.7510000000000003 0.09471999999999998 0.16338 0.071375 0.45920000000000005 0.45609999999999995 0.05
24.020000000000003 -0.37379999999999997 0.9390000000000001 0.8210999999999999 0.8627 0.15759 0.16383 0.08505 -1.667 0.9890000000000001 0.05296 0.1533 0.110375 0.35040000000000004 0.7122999999999999 0.05
15.74 0.32620000000000005 0.9430000000000001 0.7293 0.9442999999999999 0.15393 0.19136999999999998 0.14053000000000002 -1.409 1.229 0.1552 0.15905999999999998 0.08937500000000001 -0.20320000000000005 0.3805 0.05
15.46 -0.08540000000000003 1.0070000000000001 1.4943 0.4275 0.14673 0.16213 0.19411 -0.671 1.7930000000000001 0.08607999999999999 0.28578000000000003 0.12637500000000002 0.7407999999999999 0.6296999999999999 0.05
28.42 -0.0826 1.189 0.2771 1.9167 0.15993000000000002 0.21789 0.15991000000000002 -1.541 1.6310000000000002 0.18159999999999998 0.1281 0.072625 -0.11360000000000003 0.5443 0.05
10.74 0.665 1.001 0.3077 1.9133000000000002 0.13839 0.18320999999999998 0.04553 0.22299999999999986 0.893 0.02464 0.2235 0.029875000000000002 -0.1904 0.8116999999999999 0.05
28.1 -0.43539999999999995 0.529 1.4807 1.5325 0.16335 0.25834999999999997 0.16219000000000003 0.2469999999999999 0.6230000000000002 0.10143999999999999 0.27714 0.108125 -0.7376 0.7501 0.05
25.86 0.48019999999999996 1.4729999999999999 0.8823 0.9000999999999999 0.16215000000000002 0.20123 0.03527 -0.9829999999999999 -0.04299999999999993 0.03616 0.12378 0.11812500000000001 -0.7056 0.7934999999999999 0.05
14.26 -0.5698 0.913 0.17170000000000002 0.7062999999999999 0.15927000000000002 0.29915 0.051230000000000005 -0.040999999999999925 0.04100000000000015 0.13312 0.1623 0.041125 0.036800000000000055 0.8956999999999999 0.05
13.74 0.6678 1.125 1.5045 0.6620999999999999 0.14025 0.18899 0.06871 -0.2450000000000001 1.0910000000000002 0.0112 0.22565999999999997 0.148125 0.5391999999999999 0.7235 0.05
29.5 0.6006 1.091 0.7565 0.5159 0.15207 0.17131 0.07137 -0.5270000000000001 0.5510000000000002 0.09136 0.12882 0.043875 0.5936000000000001 0.8942999999999999 0.05
25.060000000000002 -0.1694 1.419 1.2495 1.1687 0.15825 0.19443 0.08125 -1.427 1.9489999999999998 0.19456 0.27066 0.116875 0.5551999999999999 0.9713 0.05
22.98 0.651 0.903 0.6783 0.5941000000000001 0.15951 0.14445 0.15649000000000002 -0.599 -0.7869999999999999 0.062079999999999996 0.23106 0.12462500000000001 -0.5392 0.6241 0.05
24.66 0.22820000000000007 1.069 0.0935 1.9643 0.13935 0.24985 0.015130000000000001 -1.5110000000000001 -0.559 0.17296 0.24689999999999998 0.08762500000000001 0.31520000000000015 0.6366999999999999 0.05
15.780000000000001 0.11339999999999995 0.737 1.0897 1.5937000000000001 0.15117 0.20089 0.03565 -1.499 1.133 0.12832 0.16374 0.060625000000000005 -0.7184 0.4225 0.05
25.18 0.42420000000000013 1.259 1.1543 1.6583 0.13977 0.25121 0.14927 0.3250000000000002 1.085 0.17248000000000002 0.22098 0.034875 -0.6128 0.5106999999999999 0.05
14.58 -0.6174 1.041 0.09010000000000001 1.5393 0.15975 0.13663 0.10063 0.3490000000000002 1.1030000000000002 0.20752 0.16518 0.114125 -0.616 0.7976999999999999 0.05
21.42 -0.2506 0.723 0.9707000000000001 0.6213 0.15219000000000002 0.18695 0.07289 -0.5630000000000002 0.32899999999999996 0.041440000000000005 0.18534 0.145125 -0.5424 0.3315 0.05
21.86 0.0938000000000001 0.847 1.4977 1.0292999999999999 0.13587000000000002 0.25256999999999996 0.18233000000000002 -0.665 -0.0129999999999999 0.16816 0.15438 0.027875 0.7664 0.8775 0.05
22.78 -0.14139999999999997 0.855 0.7055 1.4985 0.15819 0.20395 0.06149 -1.7389999999999999 -0.487 0.09903999999999999 0.24582 0.030125000000000002 0.3919999999999999 0.41269999999999996 0.05
21.3 0.6286 1.143 1.2290999999999999 1.6413 0.16353 0.21857 0.16105000000000003 -1.979 0.9770000000000001 0.23296 0.25158 0.082375 0.05600000000000005 0.5359 0.05
21.14 -0.203 0.541 1.1985 0.5397000000000001 0.15051 0.16077 0.09075 -1.379 0.46099999999999985 0.17152 0.15798 0.071125 0.16799999999999993 0.4785 0.05
17.18 -0.05179999999999996 1.245 0.3281 0.31529999999999997 0.16167 0.13969 0.01855 -0.028999999999999915 -0.871 0.09615999999999998 0.1713 0.034375 0.3535999999999999 0.8411 0.05
15.58 0.4102000000000001 1.369 1.5963 0.3527 0.16413 0.17913 0.08657 0.4810000000000003 -0.619 0.10239999999999999 0.13674 0.140375 -0.7024 0.5792999999999999 0.05
18.060000000000002 0.41300000000000003 0.553 1.6779 0.6145 0.14973 0.19987 0.12494999999999999 -0.07699999999999996 0.665 0.1864 0.17958 0.081125 -0.632 0.5583 0.05
16.58 0.5025999999999999 0.925 0.9333 0.7845 0.14721 0.16553 0.01779 0.5350000000000001 1.919 0.24448 0.21738000000000002 0.076625 0.6256000000000002 0.8103 0.05
15.66 0.119 0.8109999999999999 0.1105 0.8185 0.15399000000000002 0.15261 0.15003 -0.605 1.8889999999999998 0.030879999999999998 0.27281999999999995 0.065625 0.7792000000000001 0.7585 0.05
15.98 0.4074 0.543 1.6983 1.0259 0.14529 0.22265000000000001 0.14471 0.5229999999999997 -0.499 0.22048 0.2739 0.108875 0.40159999999999996 0.9195 0.05
25.82 0.04060000000000008 0.821 0.1139 1.6685 0.14661000000000002 0.24815 0.15839 -0.827 -0.703 0.049120000000000004 0.17346 0.079125 -0.3696 0.6171 0.05
11.86 -0.41859999999999997 1.161 1.5351 1.0939 0.15771000000000002 0.28486999999999996 0.09036999999999999 -0.5150000000000001 -0.997 0.04 0.24402000000000001 0.139375 0.23199999999999998 0.9377 0.05
10.54 0.5782 1.089 1.3277 0.8796999999999999 0.14655 0.28827 0.03185 0.1389999999999998 0.31699999999999995 0.2176 0.15546 0.137375 0.7472000000000001 0.7543 0.05
21.1 -0.469 1.099 0.5661 1.3795 0.14499 0.26821 0.03109 -1.037 1.415 0.09184 0.25914 0.036625000000000005 -0.7504000000000001 0.9293 0.05
16.38 -0.3626 1.083 1.1033 0.8456999999999999 0.15645 0.16995 0.13483 -1.2770000000000001 0.7010000000000001 0.16576000000000002 0.28002 0.09937499999999999 0.14879999999999993 0.6969000000000001 0.05
22.18 0.245 0.911 0.2873 1.9881 0.14619000000000001 0.21721000000000001 0.04439 -0.15500000000000003 1.6189999999999998 0.044320000000000005 0.19038 0.12512500000000001 -0.027200000000000002 0.6395 0.05
21.66 0.07140000000000002 1.229 0.8551 1.6141 0.16113 0.21040999999999999 0.14585 0.41500000000000004 1.0430000000000001 0.07216 0.1209 0.12387500000000001 -0.1359999999999999 0.4281 0.05
21.619999999999997 -0.0686 0.779 0.7089000000000001 1.8657000000000001 0.14811000000000002 0.27909 0.10747 -1.673 1.1389999999999998 0.20656000000000002 0.23465999999999998 0.084375 -0.05919999999999992 0.9866999999999999 0.05
29.78 -0.6678 0.733 0.6341 1.2605 0.15297 0.20157 0.02957 0.06099999999999994 1.1629999999999998 0.11247999999999998 0.20082 0.08612500000000001 -0.0464 0.9124999999999999 0.05
18.7 -0.3962 0.841 0.06290000000000001 1.0905 0.15765 0.24475 0.059210000000000006 0.391 1.7990000000000004 0.08463999999999999 0.16158 0.05462500000000001 0.040000000000000036 0.6380999999999999 0.05
12.26 0.06300000000000006 0.681 0.6239 1.3319 0.16227 0.24135 0.09189 -0.6950000000000001 -0.553 0.11968 0.27822 0.047375 0.033600000000000074 0.3903 0.05
19.86 -0.4438 1.415 0.5116999999999999 1.7773 0.13797 0.28691 0.18309000000000003 -0.20900000000000007 -0.4570000000000001 0.13264 0.26274 0.09537500000000002 0.264 0.3777 0.05
22.1 -0.07140000000000002 0.8009999999999999 0.7667 1.8691 0.14595 0.20224999999999999 0.08048999999999999 -1.2229999999999999 -0.727 0.24784 0.12954 0.054875 0.027200000000000002 0.6451 0.05
10.14 0.18899999999999995 1.017 0.015300000000000001 1.0701 0.13989000000000001 0.19851000000000002 0.19563 -1.475 0.05899999999999994 0.0712 0.20298 0.049125 -0.248 0.9642999999999999 0.05
15.899999999999999 -0.4858 1.127 0.3009 0.3255 0.13947 0.23148999999999997 0.08201 -1.193 1.2890000000000001 0.23824 0.17526 0.050875000000000004 -0.2512 0.5652999999999999 0.05
15.18 -0.5025999999999999 1.471 1.0183 1.4645000000000001 0.14001 0.15091 0.15687 0.12699999999999978 -0.42700000000000005 0.02176 0.17202 0.104625 -0.5904 0.6045 0.05
26.82 -0.3121999999999999 1.221 0.8584999999999999 0.3493 0.14199 0.27705 0.11241 -1.805 0.16100000000000003 0.15664 0.2811 0.09812499999999999 0.5327999999999999 0.3455 0.05
12.34 0.2814000000000001 1.303 0.34850000000000003 1.8317 0.13611 0.22707 0.15801 -0.31099999999999994 0.377 0.10384 0.1479 0.106125 -0.36 0.4113 0.05
28.700000000000003 0.6901999999999999 0.931 1.3821 1.1925 0.14937 0.26991 0.12038999999999998 -0.35299999999999976 -0.19899999999999995 0.23392000000000002 0.25949999999999995 0.12062500000000001 0.06880000000000008 0.7725 0.05
12.02 -0.2842 0.595 1.5827 1.6957000000000002 0.15231 0.18593 0.13445000000000001 -0.7849999999999999 1.1149999999999998 0.12544 0.19866 0.045625 -0.4272 0.5932999999999999 0.05
27.22 -0.6789999999999999 1.167 1.0523 0.6825 0.14397000000000001 0.20837 0.16637000000000002 -0.29899999999999993 0.5569999999999999 0.12208 0.12918 0.143375 -0.31200000000000006 0.8565 0.05
22.9 -0.3514 0.879 1.5385 1.1211 0.14187 0.13629 0.18879 -0.929 -0.607 0.09328 0.14286 0.131125 0.36640000000000006 0.7851 0.05
21.98 0.5586 1.0710000000000002 1.6337 1.6821000000000002 0.16101000000000001 0.22095 0.09949 -0.917 0.8089999999999999 0.2272 0.12197999999999999 0.110125 0.1359999999999999 0.3595 0.05
22.38 -0.40459999999999996 1.193 0.3213 1.0735 0.16221000000000002 0.23965 0.19335 0.9129999999999998 1.8470000000000004 0.10047999999999999 0.19541999999999998 0.061125000000000006 0.4496 0.4155 0.05
17.259999999999998 -0.30379999999999996 1.0150000000000001 0.4301 0.5839 0.16401000000000002 0.21211 0.06719 -1.217 -0.541 0.13408 0.14393999999999998 0.09362500000000001 -0.2320000000000001 0.47429999999999994 0.05
20.14 -0.5893999999999999 0.827 0.018699999999999998 1.1619 0.15285 0.28249 0.11355 0.8889999999999998 -0.529 0.06352 0.13458 0.033875 -0.5008 0.8523000000000001 0.05
15.02 -0.6342 0.889 1.4127 1.0599 0.15057 0.27263 0.09569 0.07900000000000018 -0.853 0.0592 0.2091 0.075625 0.3952 0.3819 0.05
21.340000000000003 0.0686000000000001 0.9690000000000001 0.1989 0.4173 0.16407 0.15635 0.16257000000000002 -1.925 -0.1509999999999999 0.1288 0.20334 0.049875 -0.7408 0.8789 0.05
15.1 -0.6761999999999999 1.401 1.5895000000000001 0.7403 0.14829 0.22775 0.16067 -0.821 1.3250000000000002 0.23584000000000002 0.20118 0.114375 0.07520000000000004 0.4981 0.05
12.14 -0.693 0.617 0.9231 1.0327 0.15519 0.21347 0.02273 -1.985 -0.385 0.057280000000000005 0.23754 0.08787500000000001 0.11680000000000013 0.3847 0.05
21.54 0.2842000000000001 0.635 0.8279 0.9851000000000001 0.14709 0.21177 0.09303 -1.955 0.833 0.06928 0.1875 0.042375 -0.7568 0.9783 0.05
14.100000000000001 -0.5558 0.873 1.4161 0.5601 0.15717 0.24270999999999998 0.13331 -0.9769999999999999 1.661 0.16672 0.2613 0.11762500000000001 0.3599999999999999 0.6535 0.05
15.14 -0.2646 1.3210000000000002 0.1547 1.5359 0.13881000000000002 0.20327 0.07479 0.565 1.709 0.14800000000000002 0.1515 0.12812500000000002 0.07200000000000006 0.8201 0.05
19.9 -0.49139999999999995 0.627 1.6167 1.4237 0.14727 0.24441000000000002 0.12229 -0.659 1.9369999999999998 0.01792 0.14034 0.08912500000000001 0.5871999999999999 0.3063 0.05
22.7 -0.15539999999999998 0.7090000000000001 0.7735 0.5329 0.16065000000000002 0.14887 0.12266999999999999 -1.1989999999999998 1.2229999999999999 0.23344 0.2793 0.041375 -0.536 0.6983 0.05
14.379999999999999 -0.32339999999999997 1.053 1.2155 0.5226999999999999 0.14781 0.23454999999999998 0.15573 0.7270000000000003 0.10099999999999998 0.21231999999999998 0.23502 0.037375000000000005 0.15839999999999999 0.8663000000000001 0.05
15.94 0.49139999999999984 0.647 0.5321 1.3421 0.14013 0.17063 0.13939000000000001 -0.47299999999999986 1.379 0.23968 0.23681999999999997 0.111125 -0.6384000000000001 0.7879 0.05
11.94 0.679 0.673 0.2057 0.6349 0.16161 0.27603 0.17511000000000002 0.28900000000000015 0.20300000000000007 0.15856 0.21378 0.110625 0.25439999999999996 0.8243 0.05
20.1 -0.1834 1.3090000000000002 1.2052999999999998 1.2435 0.13893 0.18763000000000002 0.11165 -1.811 0.5270000000000001 0.20896 0.24078 0.143125 -0.36319999999999997 0.7375 0.05
18.82 -0.6482 0.829 0.3553 1.9303000000000001 0.15195 0.15669 0.05655 -1.013 0.20900000000000007 0.17728000000000002 0.2397 0.06937499999999999 0.02400000000000002 0.6940999999999999 0.05
11.9 -0.5781999999999999 0.923 1.5010999999999999 1.1993 0.15567 0.22503 0.04325 -0.371 1.0790000000000002 0.17632 0.29801999999999995 0.104125 -0.6672 0.5919 0.05
29.86 -0.33459999999999995 1.033 1.5283 1.4781000000000002 0.14847000000000002 0.27535 0.04021 -1.4929999999999999 1.6669999999999998 0.15328 0.25338 0.036875000000000005 0.46240000000000014 0.4757 0.05
15.26 -0.39899999999999997 0.915 0.6103 1.6243 0.14589000000000002 0.23659 0.15269000000000002 0.7750000000000004 0.07699999999999996 0.16528 0.21558 0.102625 -0.7984 0.3987 0.05
13.86 -0.44099999999999995 1.111 1.6065 1.8385 0.15867 0.21415 0.16903 -1.823 0.2869999999999999 0.14944 0.21126 0.084625 -0.18399999999999994 0.3833 0.05
16.82 0.5193999999999999 1.409 1.2359 1.7025000000000001 0.15831 0.19069 0.11279 -0.16100000000000003 1.181 0.11392 0.12666 0.066125 0.7567999999999999 0.7403 0.05
14.9 0.385 0.629 0.6885 1.0667 0.14859 0.20462999999999998 0.12304999999999999 0.5529999999999999 0.7130000000000001 0.07456 0.24258000000000002 0.08837500000000001 -0.33440000000000003 0.9502999999999999 0.05
12.379999999999999 -0.25339999999999996 0.587 1.5725 0.6587 0.14787 0.26685000000000003 0.19221000000000002 -0.33499999999999996 -0.709 0.13840000000000002 0.29945999999999995 0.108375 0.47840000000000016 0.6787 0.05
23.42 0.5333999999999999 0.813 0.0051 1.2265 0.14769000000000002 0.26855 0.12989 -1.433 -0.991 0.22576000000000002 0.18606 0.026375000000000003 -0.1744 0.3175 0.05
11.82 0.0041999999999999815 0.719 0.9299000000000001 1.9745 0.16323000000000001 0.29439 0.08733 -1.127 -0.361 0.12688 0.25482 0.035625000000000004 0.7184000000000001 0.3735 0.05
12.54 -0.2702 1.487 1.0591 1.4713 0.13665000000000002 0.14649 0.07706999999999999 -1.895 -0.601 0.06976 0.2577 0.11987500000000001 0.29600000000000004 0.4407 0.05
23.900000000000002 0.4885999999999999 1.159 1.3889 0.9102999999999999 0.15225 0.27432999999999996 0.09797 -0.7729999999999999 -0.2889999999999999 0.02944 0.2541 0.09262500000000001 -0.34719999999999995 0.3035 0.05
16.740000000000002 -0.01539999999999997 0.853 1.5657 0.7369 0.15897 0.27739 0.02121 -1.2109999999999999 0.359 0.18832 0.16698 0.139875 0.2864 0.3049 0.05
28.02 0.567 0.9550000000000001 0.2193 1.8487 0.14331000000000002 0.13119 0.11393 -1.601 1.5830000000000002 0.16 0.25986 0.073875 -0.06559999999999999 0.8634999999999999 0.05
26.34 -0.2981999999999999 0.653 1.3413 1.5461 0.15291000000000002 0.25563 0.08809 0.7990000000000004 -0.631 0.13072 0.1659 0.080875 0.6224000000000001 0.3721 0.05
16.7 -0.21139999999999992 1.025 0.8482999999999999 1.8181 0.13899 0.27398999999999996 0.18461000000000002 -1.787 -0.1389999999999999 0.2464 0.20442 0.138375 -0.7312000000000001 0.5009 0.05
12.58 -0.5502 1.3290000000000002 0.8721 1.1449 0.16203 0.18491 0.02805 -1.385 1.1509999999999998 0.17056000000000002 0.17058 0.035375000000000004 0.5648 0.7626999999999999 0.05
19.3 -0.3878 0.6930000000000001 0.12070000000000002 0.7301 0.14211000000000001 0.26005 0.13711 -1.457 -0.06699999999999995 0.19408 0.2649 0.077375 0.7952000000000001 0.9937 0.05
25.02 0.22260000000000002 1.115 0.9435 0.7811 0.15483000000000002 0.19239 0.10367 -0.383 -0.931 0.02368 0.15689999999999998 0.09162500000000001 -0.5840000000000001 0.3273 0.05
20.060000000000002 0.6118000000000001 0.993 0.8449 0.36629999999999996 0.15543 0.13425 0.11127000000000001 -0.9709999999999999 1.553 0.09519999999999999 0.25842 0.136375 -0.27680000000000005 0.6660999999999999 0.05
25.94 -0.06579999999999997 0.751 0.7599 1.5971 0.14151 0.18355 0.19487000000000002 -0.5030000000000001 1.2349999999999999 0.07264 0.13998 0.149625 -0.7792 0.3427 0.05
28.060000000000002 0.5138 1.445 0.6919000000000001 0.43089999999999995 0.15675 0.22809 0.17321 -1.283 1.4690000000000003 0.15904000000000001 0.27749999999999997 0.050625 0.5584 0.5569 0.05
16.14 0.46340000000000003 0.843 0.1853 0.6927 0.13731000000000002 0.23319 0.12647 -1.7269999999999999 1.517 0.029920000000000002 0.15942 0.082875 0.22560000000000002 0.8452999999999999 0.05
10.58 0.2086 1.299 1.4297 0.4343 0.15741 0.25699 0.07631 -0.20300000000000007 -0.517 0.046239999999999996 0.27893999999999997 0.042125 0.6544000000000001 0.9852999999999998 0.05
11.22 -0.21419999999999995 0.935 0.6749 1.4747000000000001 0.14079 0.18219 0.17017000000000002 -0.7489999999999999 -0.4690000000000001 0.20224 0.23177999999999999 0.050125 -0.424 0.9629000000000001 0.05
28.26 0.36539999999999995 1.0550000000000002 0.4199 1.6447 0.15345 0.15805 0.18043 0.49899999999999967 -0.121 0.24831999999999999 0.24869999999999998 0.109875 0.33119999999999994 0.7361 0.05
29.1 -0.44939999999999997 1.357 0.9944999999999999 0.5091 0.15621000000000002 0.27671 0.10899 -1.607 0.2749999999999999 0.0664 0.19362000000000001 0.052875000000000005 -0.5872 0.5723 0.05
28.3 -0.35419999999999996 0.6970000000000001 0.12410000000000002 1.2401 0.15237 0.26787 0.036410000000000005 0.9430000000000001 0.5030000000000001 0.05536 0.19938 0.146375 -0.7152000000000001 0.9237 0.05
26.98 -0.6314 0.619 0.7633 1.2027 0.14055 0.22945 0.11621000000000001 -0.9649999999999999 1.3370000000000002 0.08271999999999999 0.29046 0.080125 0.3088000000000002 0.6605 0.05
24.22 -0.39339999999999997 1.283 0.9197000000000001 0.9340999999999999 0.14505 0.26413 0.14775 0.661 1.4450000000000003 0.03376 0.14538 0.040375 0.10400000000000009 0.7263 0.05
18.3 -0.3598 1.377 1.5317 1.1789 0.16017 0.18627 0.023870000000000002 -0.347 1.589 0.14416 0.25085999999999997 0.12012500000000001 0.28 0.7823 0.05
11.78 -0.018199999999999994 1.417 0.8109000000000001 1.1517 0.16119 0.24951 0.04059 0.8470000000000004 -0.757 0.10432 0.23609999999999998 0.074375 0.6832 0.3343 0.05
10.38 0.1442 1.183 0.9163 1.3081 0.15165 0.27942999999999996 0.19867 0.03699999999999992 0.2569999999999999 0.08031999999999999 0.12018 0.103875 -0.4176 0.3245 0.05
15.3 -0.2002 0.891 0.6306999999999999 1.3965 0.13683 0.22129 0.17207 -1.007 -0.883 0.05488 0.15006 0.08962500000000001 -0.5776 0.7963 0.05
14.14 -0.41019999999999995 1.359 1.6201 0.3221 0.13929 0.20531 0.06605 0.8410000000000002 0.9410000000000001 0.01312 0.18786 0.044625 0.7376 0.3077 0.05
15.86 0.5389999999999999 1.4769999999999999 0.1581 0.4139 0.16023 0.23182999999999998 0.04705 -0.395 -0.22299999999999998 0.064 0.28902 0.068125 -0.40480000000000005 0.4575 0.05
18.38 -0.11340000000000006 1.139 1.2665 1.2333 0.15681 0.22469 0.01323 -0.45500000000000007 1.8170000000000002 0.13216 0.28937999999999997 0.104375 -0.52 0.40569999999999995 0.05
21.7 0.1050000000000001 0.937 0.5966999999999999 1.1347 0.16341 0.17437 0.013989999999999999 -0.43699999999999983 1.9609999999999999 0.0184 0.14106 0.12212500000000001 0.7056000000000002 0.7668999999999999 0.05
26.18 0.45500000000000007 1.447 0.6136999999999999 1.4373 0.15153 0.18151 0.029950000000000004 -1.847 -0.679 0.06544 0.16914 0.12887500000000002 0.23839999999999995 0.6997 0.05
28.5 0.20299999999999996 0.839 0.7871 0.3731 0.16149000000000002 0.15907 0.03755000000000001 -0.863 0.41900000000000004 0.15568 0.13278 0.138875 -0.6192 0.5610999999999999 0.05
19.02 -0.21699999999999997 1.101 0.7157 0.6995 0.16179000000000002 0.22741 0.08543 0.09700000000000042 1.4989999999999997 0.05056 0.20550000000000002 0.09037500000000001 0.4688000000000001 0.9180999999999999 0.05
26.46 0.595 0.527 1.3719000000000001 0.4989 0.16035 0.23047 0.13901000000000002 -1.865 0.7369999999999999 0.22912000000000002 0.26022 0.09912499999999999 0.2512000000000001 0.9657 0.05
10.26 0.16100000000000003 1.351 0.29410000000000003 1.0429 0.14799 0.27466999999999997 0.12685 0.589 1.7750000000000004 0.12736 0.27318 0.035875000000000004 -0.14879999999999993 0.48829999999999996 0.05
16.54 0.5502 1.2530000000000001 0.3247 0.8423 0.15633 0.15397 0.12799 -0.17300000000000004 1.955 0.0376 0.27246 0.029375000000000002 0.02080000000000004 0.6829000000000001 0.05
18.1 0.42979999999999996 1.195 0.7327 1.7228999999999999 0.15705000000000002 0.22979 0.04097 -0.5209999999999999 -0.571 0.16720000000000002 0.29694 0.042875 -0.7888000000000001 0.6199 0.05
19.98 -0.4466 0.743 1.1645 1.4271 0.14073000000000002 0.23557 0.13673000000000002 -0.857 1.907 0.17392000000000002 0.25878 0.110875 0.19679999999999997 0.3357 0.05
13.54 -0.23939999999999995 1.2770000000000001 0.1037 1.1381 0.14679 0.24883 0.07517 0.625 -0.0009999999999998899 0.02512 0.16554 0.105375 0.48160000000000003 0.47009999999999996 0.05
25.9 -0.5753999999999999 0.597 0.2737 1.0463 0.15363000000000002 0.24373 0.19677 -0.22100000000000009 0.17900000000000005 0.05632 0.27642 0.027125000000000003 0.22239999999999993 0.7025 0.05
10.82 0.08540000000000003 1.443 0.2295 1.7977 0.13971 0.13765 0.11317 -1.415 0.47299999999999986 0.16768000000000002 0.2973 0.052125000000000005 0.7088000000000001 0.8649 0.05
10.46 0.5838000000000001 0.7030000000000001 1.2461 0.8966999999999998 0.16059 0.28010999999999997 0.18689000000000003 0.9910000000000001 0.32299999999999995 0.2248 0.1353 0.136125 0.3568 0.8509 0.05
27.94 -0.05459999999999998 1.2069999999999999 1.3209 0.3357 0.14169 0.24237 0.17701 -1.367 0.14300000000000002 0.22768000000000002 0.24546 0.063375 0.32799999999999985 0.6520999999999999 0.05
24.1 0.40179999999999993 1.3170000000000002 0.0459 0.4955 0.13509000000000002 0.18967 0.17169 0.8050000000000002 0.821 0.10624 0.26778 0.048375 -0.3184 0.3959 0.05
12.46 -0.30939999999999995 1.379 0.4437 1.8147 0.15045 0.14989 0.01057 -0.4969999999999999 0.5390000000000001 0.1072 0.13169999999999998 0.053875000000000006 0.49760000000000004 0.3791 0.05
29.62 -0.026600000000000068 0.8029999999999999 1.5759 0.4105 0.15327000000000002 0.23217 0.13863000000000003 -1.295 -0.373 0.22432 0.29838 0.064375 -0.6576000000000001 0.7990999999999999 0.05
11.1 -0.30099999999999993 1.149 0.8007000000000001 1.7501 0.15909 0.27807 0.028430000000000004 -0.5449999999999999 0.389 0.196 0.18858 0.078625 -0.46240000000000003 0.7248999999999999 0.05
24.18 -0.6145999999999999 1.431 1.3175 1.1007 0.14127 0.26073 0.10025 -0.887 0.6710000000000003 0.14704000000000003 0.12594 0.080375 -0.5808 0.9460999999999999 0.05
23.82 -0.11060000000000003 1.2690000000000001 1.5691 1.8113000000000001 0.15021 0.14921 0.01969 -1.043 -0.17499999999999993 0.07936 0.22781999999999997 0.057375 0.27360000000000007 0.5023 0.05
29.060000000000002 0.28979999999999995 1.0750000000000002 1.4670999999999998 1.6923000000000001 0.14277 0.18185 0.14395 -1.697 0.7909999999999999 0.14176000000000002 0.12486 0.026875000000000003 -0.392 0.6745 0.05
19.58 0.4773999999999998 1.475 1.4399 1.7399 0.14637 0.18661 0.15725000000000003 -0.2330000000000001 -0.907 0.17968 0.22133999999999998 0.075125 0.6704000000000001 0.42669999999999997 0.05
23.5 -0.19740000000000002 1.037 0.4335 1.7637 0.16389 0.16621 0.03451 0.9670000000000001 0.43100000000000005 0.20512000000000002 0.16482 0.057125 0.21920000000000006 0.7164999999999999 0.05
26.14 0.009800000000000031 1.2149999999999999 0.45730000000000004 1.0021 0.14085 0.18083 0.17055 -0.4009999999999998 0.03500000000000014 0.19312 0.21954 0.065125 0.6640000000000001 0.4995 0.05
17.14 -0.10219999999999996 1.187 1.5555 1.5495 0.15573 0.29779 0.048190000000000004 0.9849999999999999 1.5949999999999998 0.16048 0.15833999999999998 0.146625 -0.32800000000000007 0.5625 0.05
22.86 -0.36819999999999997 1.169 1.1475 1.3897 0.15723 0.20496999999999999 0.07555 -1.613 -0.403 0.0688 0.13133999999999998 0.068375 -0.22560000000000002 0.6731 0.05
13.46 0.25340000000000007 0.643 0.7361 0.45809999999999995 0.16287000000000001 0.25495 0.18993000000000002 -0.05899999999999994 1.451 0.12784 0.26346 0.084875 -0.1392 0.39449999999999996 0.05
28.46 0.6454 0.757 0.1071 1.2537 0.14703000000000002 0.15057 0.13369 -1.679 0.677 0.044800000000000006 0.2379 0.072375 -0.49760000000000004 0.8271 0.05
20.54 -0.427 0.745 0.40969999999999995 1.8215000000000001 0.15699000000000002 0.29031 0.05693 -0.44899999999999984 0.9830000000000001 0.11055999999999999 0.17237999999999998 0.033125 -0.41440000000000005 0.7319 0.05
14.78 0.4578 0.771 1.0863 0.8865000000000001 0.14433 0.17709 0.09265 -1.889 1.193 0.24208 0.20154 0.045125 -0.6416000000000001 0.4687 0.05
12.7 -0.609 0.7989999999999999 1.3005 1.6855 0.14649 0.18865 0.16675000000000004 -1.229 1.979 0.12111999999999999 0.21810000000000002 0.029625000000000002 -0.6960000000000001 0.36929999999999996 0.05
28.900000000000002 0.4745999999999999 0.513 0.5933 1.8011 0.13875 0.20599 0.19031000000000003 0.42700000000000005 -0.09699999999999998 0.13024 0.22061999999999998 0.131625 0.2672000000000001 0.8578999999999999 0.05
24.54 -0.032199999999999895 1.147 0.1411 1.5155 0.15915 0.17641 0.01665 0.019000000000000128 0.44300000000000006 0.19936 0.28254 0.12187500000000001 -0.6992 0.7739 0.05
26.26 0.5613999999999999 1.213 1.5453000000000001 0.9477 0.15855000000000002 0.13697 0.11697 -0.9470000000000001 1.331 0.12592 0.12774 0.053625000000000006 -0.4848 0.4925 0.05
18.22 0.4606000000000001 1.429 1.2563 1.8793000000000002 0.13767000000000001 0.23013 0.049330000000000006 -1.829 -0.8109999999999999 0.11199999999999999 0.1461 0.09612500000000002 0.7344000000000002 0.44909999999999994 0.05
19.82 -0.6874 1.405 1.1067 1.3761 0.15069000000000002 0.17029 0.11089 0.31300000000000017 1.733 0.16624 0.25194 0.059375000000000004 0.744 0.9391 0.05
22.82 -0.0041999999999999815 1.365 1.6506999999999998 0.30169999999999997 0.14163 0.26481 0.053130000000000004 0.9790000000000001 -0.715 0.2104 0.1389 0.083125 -0.5136000000000001 0.7179 0.05
24.939999999999998 0.6845999999999999 1.427 1.0114999999999998 0.9986999999999999 0.15147000000000002 0.24339 0.12000999999999999 -1.067 1.037 0.1456 0.23249999999999998 0.07012499999999999 0.09440000000000004 0.8816999999999999 0.05
20.9 0.5922000000000001 0.9410000000000001 0.3179 0.8525 0.14349 0.28793 0.14319 0.18100000000000005 0.881 0.06112 0.17922 0.039125 -0.14239999999999997 0.9013 0.05
26.78 -0.23659999999999998 1.363 1.1713 1.2978999999999998 0.15279 0.17947 0.047810000000000005 0.7149999999999999 1.8290000000000002 0.052 0.24654 0.031125 0.4912000000000001 0.5457 0.05
17.62 -0.4578 1.173 0.23970000000000002 0.3119 0.14601 0.17199 0.17815 -1.1749999999999998 0.06499999999999995 0.11824 0.19722 0.046875 0.76 0.5694999999999999 0.05
16.34 -0.21979999999999994 1.0190000000000001 1.0761 1.2673 0.16269 0.15431 0.17853000000000002 -0.004999999999999893 0.029000000000000137 0.20320000000000002 0.19146 0.107625 -0.3728 0.9166999999999998 0.05
27.62 -0.22259999999999996 1.459 1.1373 1.6107 0.15627000000000002 0.17743 0.08087 -0.4670000000000001 1.5110000000000001 0.10192 0.16842000000000001 0.085625 0.7984 0.9404999999999999 0.05
12.3 0.4186000000000001 1.073 0.5083 1.3149 0.13707 0.13799 0.18955000000000002 -0.06499999999999995 -0.18699999999999994 0.06831999999999999 0.1263 0.030875 0.7888 0.36229999999999996 0.05
10.7 0.6033999999999999 0.9530000000000001 0.011899999999999999 0.4003 0.14121 0.20701 0.058070000000000004 -1.439 1.625 0.03424 0.2667 0.11787500000000001 0.6288 0.6101 0.05
10.22 0.623 0.651 0.2227 0.5805 0.15411 0.24542999999999998 0.03679 0.7450000000000001 0.2629999999999999 0.08127999999999999 0.20046 0.103125 -0.27359999999999995 0.5681 0.05
26.74 0.2953999999999999 0.999 1.2325 1.9813 0.15465 0.25325 0.11773 -0.9889999999999999 -0.16299999999999992 0.24688 0.20945999999999998 0.12562500000000001 0.08800000000000008 0.6591 0.05
29.259999999999998 0.27580000000000005 1.2850000000000001 0.8619 0.9375 0.14985 0.29813 0.09455 -0.5329999999999999 0.33499999999999996 0.13552 0.24186000000000002 0.134375 -0.28 0.8691 0.05
16.98 0.41579999999999995 0.895 1.3379 1.6719000000000002 0.14367000000000002 0.29642999999999997 0.16181 0.39700000000000024 -0.29499999999999993 0.11343999999999999 0.22458 0.039875 0.6384000000000001 0.6618999999999999 0.05
24.82 0.09940000000000004 0.663 0.2601 0.8354999999999999 0.13677 0.14139000000000002 0.08391 -0.2749999999999999 1.3730000000000002 0.04816 0.2757 0.09437500000000001 0.4656 0.3203 0.05
19.740000000000002 0.01539999999999997 1.337 0.3825 1.3591 0.14247 0.17471 0.03071 -0.905 -0.44500000000000006 0.0328 0.1803 0.043125000000000004 0.19999999999999996 0.43089999999999995 0.05
20.46 -0.037799999999999945 0.637 0.0425 0.9646999999999999 0.14823 0.23387 0.12951000000000001 -1.745 -0.43900000000000006 0.21664 0.29369999999999996 0.054125000000000006 0.6064 0.44489999999999996 0.05
16.46 0.2562000000000001 1.457 1.6099 0.6383 0.14373 0.15873 0.018930000000000002 0.577 0.017000000000000126 0.05008 0.20982 0.138125 -0.5327999999999999 0.5219 0.05
