Pb_Pb Mean Width Dist Flactutation Temp Kink eta_s Slope_low Slope_high Max Temp_peak Width_peak Asym_peak R tau_initial
16.9 0.04620000000000002 1.443 2.608803 1.6685 0.15189000000000002 0.18661 0.02197 -0.4849999999999999 -0.943 0.05296 0.18318 0.060625000000000005 0.7567999999999999 0.6199 0.38434999999999997
11.7 0.637 1.153 1.341249 1.0463 0.14991000000000002 0.16009 0.07897 -0.359 -0.649 0.04288 0.16266 0.032125 -0.6448 0.7795 0.15485000000000002
28.5 -0.21699999999999997 1.0230000000000001 1.8423749999999997 1.1517 0.16281 0.25631 0.023110000000000002 0.9910000000000001 0.08899999999999997 0.24495999999999998 0.12774 0.140375 -0.05919999999999992 0.3931 0.16115000000000002
23.18 -0.2562 1.263 1.7637669999999996 0.6995 0.15561 0.14649 0.13787000000000002 -0.46099999999999985 1.487 0.24448 0.29478 0.029125 0.2128000000000001 0.8789 0.31505
20.060000000000002 0.1077999999999999 0.769 2.8741049999999992 1.2876999999999998 0.14445000000000002 0.20462999999999998 0.11925000000000001 -1.433 1.637 0.01696 0.25878 0.113625 -0.4272 0.3987 0.20975
25.22 0.09100000000000008 1.3050000000000002 3.6896629999999995 0.8252999999999999 0.16215000000000002 0.22163 0.08695 -1.853 0.593 0.060160000000000005 0.24366 0.026125000000000002 -0.20320000000000005 0.9264999999999999 0.23945
28.3 0.13859999999999995 1.143 3.218015 1.3591 0.14373 0.21925 0.19373 -0.7010000000000001 0.31699999999999995 0.22048 0.22278 0.067625 0.1200000000000001 0.9586999999999999 0.40955
11.14 -0.4326 0.845 3.404709 1.6277000000000001 0.14115 0.24713000000000002 0.18499000000000002 -0.5030000000000001 1.391 0.19840000000000002 0.24761999999999998 0.043125000000000004 0.7280000000000002 0.41969999999999996 0.18185
28.22 -0.6257999999999999 1.2109999999999999 2.3631529999999996 0.4989 0.15651 0.15771000000000002 0.13331 0.673 0.2689999999999999 0.06976 0.17598 0.083375 0.3408 0.3413 0.05045
10.7 0.31499999999999995 0.927 4.4462649999999995 1.3047 0.15327000000000002 0.15975 0.09645 0.7990000000000004 -0.967 0.18159999999999998 0.25554 0.031125 0.21599999999999997 0.7921 0.30425
25.62 -0.2618 1.423 4.249744999999999 1.1449 0.15021 0.16587 0.07441 -1.283 0.6110000000000002 0.17728000000000002 0.15438 0.12762500000000002 -0.06240000000000001 0.5331 0.37625
29.5 0.3962000000000001 1.357 1.184033 0.3527 0.14109000000000002 0.26413 0.13369 0.8650000000000002 0.6830000000000003 0.064 0.21774 0.079125 0.13279999999999992 0.8158999999999998 0.38885
26.46 0.2981999999999999 1.389 0.8990789999999999 1.5597 0.14811000000000002 0.18797 0.027290000000000002 -1.1509999999999998 -0.643 0.22768000000000002 0.2307 0.035625000000000004 -0.6192 0.42389999999999994 0.34385
27.34 -0.44939999999999997 0.651 0.38812699999999994 1.2503 0.15615 0.23659 0.08391 0.19300000000000006 0.41300000000000003 0.049600000000000005 0.29369999999999996 0.142125 -0.033600000000000074 0.7206999999999999 0.49415
17.66 0.3093999999999999 0.773 0.309519 1.0292999999999999 0.15603 0.17981 0.09949 0.7869999999999999 1.295 0.07024 0.12414 0.051125000000000004 0.28 0.4925 0.15575
16.86 0.3877999999999999 0.901 4.829478999999999 1.7841 0.14157 0.16927 0.09340999999999999 -1.901 -0.601 0.12111999999999999 0.19938 0.067875 -0.68 0.6087 0.06845000000000001
18.38 -0.07419999999999993 0.533 0.24073699999999998 0.8116999999999999 0.14133 0.13629 0.07593 -0.875 1.6909999999999998 0.08079999999999998 0.24114 0.075625 -0.25759999999999994 0.8089 0.35915
24.020000000000003 0.6958 0.879 2.4515869999999995 1.8963 0.14583000000000002 0.24033 0.17245000000000002 -0.21500000000000008 1.229 0.01984 0.24438 0.032375 -0.4208 0.9768999999999999 0.41855000000000003
16.06 -0.24779999999999996 1.381 1.6262029999999998 0.4683 0.14769000000000002 0.29574999999999996 0.16371000000000002 -1.847 0.04700000000000015 0.062079999999999996 0.1713 0.082875 0.6000000000000001 0.9082999999999999 0.15755
29.66 -0.693 0.6970000000000001 1.2135109999999998 1.2911 0.15009 0.22095 0.19487000000000002 -0.9649999999999999 1.4690000000000003 0.19504000000000002 0.13602 0.09212500000000001 0.5551999999999999 0.9852999999999998 0.27275
13.82 -0.11060000000000003 1.115 4.849130999999999 0.9646999999999999 0.14229 0.13595000000000002 0.16295 0.883 -0.769 0.01456 0.16842000000000001 0.116625 0.09120000000000006 0.6114999999999999 0.18545
27.98 -0.18899999999999995 0.595 1.1250769999999999 0.5805 0.16419 0.22639 0.12343 0.41500000000000004 -0.09699999999999998 0.06255999999999999 0.26598 0.027125000000000003 0.31520000000000015 0.4785 0.11705
18.86 0.35139999999999993 0.8109999999999999 3.7682709999999995 0.4377 0.13881000000000002 0.17947 0.11089 -0.17300000000000004 0.19700000000000006 0.24831999999999999 0.18858 0.09112500000000001 0.4112 0.7221 0.30155000000000004
15.22 -0.06579999999999997 1.471 4.259570999999999 1.9983 0.14451 0.28520999999999996 0.12533 0.05500000000000016 0.359 0.18208 0.1497 0.09962499999999999 -0.12960000000000005 0.3567 0.16655
20.700000000000003 -0.02100000000000002 0.897 3.8665309999999997 1.5631 0.15729 0.22775 0.03717 0.895 -0.43900000000000006 0.23392000000000002 0.2289 0.085375 0.6544000000000001 0.6731 0.32045
19.7 0.17500000000000004 0.6990000000000001 1.0661209999999999 1.1789 0.16107000000000002 0.17199 0.19715000000000002 -0.3049999999999997 0.4670000000000001 0.16672 0.12018 0.137625 0.47840000000000016 0.5905 0.24125000000000002
21.14 -0.12739999999999996 1.333 0.790993 1.3013 0.15639 0.15941 0.06985 -1.991 1.415 0.02128 0.25302 0.070375 -0.5840000000000001 0.3651 0.22145000000000004
12.46 0.012600000000000056 1.291 3.7977489999999996 1.6821000000000002 0.13731000000000002 0.20190999999999998 0.13141 -0.3889999999999998 1.283 0.21472 0.14501999999999998 0.077875 -0.5712 0.8578999999999999 0.05315
18.7 0.5529999999999999 0.519 2.9035829999999994 0.9000999999999999 0.14739000000000002 0.27466999999999997 0.08353 -0.899 -0.955 0.05392 0.1803 0.111875 0.7407999999999999 0.7907 0.25565
17.7 -0.1442 1.415 1.9701129999999998 0.5567 0.14049 0.16621 0.07289 -1.949 -0.697 0.22912000000000002 0.16482 0.036375000000000005 -0.40480000000000005 0.5457 0.18814999999999998
14.219999999999999 -0.37099999999999994 0.671 3.8861829999999995 1.4271 0.15447 0.22571000000000002 0.042870000000000005 -0.052999999999999936 -0.18099999999999994 0.09759999999999999 0.27534000000000003 0.057875 0.5104000000000002 0.8984999999999999 0.44375
15.780000000000001 -0.6958 1.241 2.333675 1.1279 0.15555000000000002 0.13187000000000001 0.18841000000000002 -1.5110000000000001 0.5569999999999999 0.23056000000000001 0.21666 0.057125 -0.488 0.3245 0.10085
26.14 -0.17500000000000004 0.823 0.6534289999999999 1.9303000000000001 0.13965 0.22469 0.13559000000000002 -0.2869999999999999 -0.913 0.10528 0.16302 0.037875000000000006 0.2672000000000001 0.6016999999999999 0.49055
10.54 -0.5418 0.577 0.6632549999999999 1.5835 0.13977 0.21040999999999999 0.19677 -1.835 -0.979 0.12976 0.14754 0.136125 0.6352 0.9040999999999999 0.42035
28.26 -0.259 0.521 3.257319 1.7909 0.15693000000000001 0.20089 0.06225000000000001 -1.193 1.1389999999999998 0.03184 0.19794 0.044875 -0.4688 0.35109999999999997 0.15665
29.46 0.5893999999999999 1.345 1.714637 0.4887 0.13971 0.18593 0.12989 0.7570000000000001 0.47299999999999986 0.21328 0.28902 0.033875 0.07840000000000003 0.5415 0.39875
14.9 0.3682000000000001 0.539 4.033573 1.8147 0.16473000000000002 0.29677 0.06833 -1.013 0.2390000000000001 0.18832 0.22458 0.058375 0.29280000000000017 0.6143 0.15935
22.5 0.18899999999999995 0.675 1.4493349999999998 0.8661000000000001 0.14349 0.15193 0.13825 -0.8029999999999999 1.6070000000000002 0.22624 0.12666 0.071625 -0.7280000000000001 0.6983 0.25205
11.02 0.07140000000000002 1.093 2.2747189999999997 0.3867 0.16389 0.22605 0.12647 -0.10699999999999998 0.7549999999999999 0.18976 0.20729999999999998 0.045375 0.5200000000000002 0.9166999999999998 0.24214999999999998
11.94 0.0686000000000001 0.579 2.805323 1.1109 0.15807000000000002 0.26277 0.05047 -1.457 -0.517 0.05872 0.19397999999999999 0.026375000000000003 0.34719999999999995 0.5583 0.26915
12.9 -0.2842 1.475 4.495394999999999 0.9953000000000001 0.15627000000000002 0.14411000000000002 0.10214999999999999 0.5169999999999999 1.5469999999999997 0.04336 0.2397 0.12387500000000001 -0.4336 0.6101 0.33665
15.700000000000001 -0.3654 1.299 0.07369499999999998 0.5397000000000001 0.15141000000000002 0.13697 0.11621000000000001 -1.613 -0.31899999999999995 0.041440000000000005 0.26382 0.146875 0.3599999999999999 0.8285 0.41495000000000004
24.58 0.049000000000000044 0.611 3.6601849999999994 1.6175 0.14325000000000002 0.14003000000000002 0.17473 0.6189999999999998 0.5990000000000002 0.16912000000000002 0.27858 0.074375 -0.6960000000000001 0.3917 0.48785
18.66 0.06580000000000008 0.893 4.475743 1.9031 0.13521 0.23931 0.13407 -1.5350000000000001 1.7690000000000001 0.09471999999999998 0.15222 0.043375 0.7216000000000002 0.8915 0.29615
21.26 -0.11340000000000006 0.605 3.9156609999999996 1.4917 0.14211000000000001 0.29235 0.18081000000000003 -1.697 1.2349999999999999 0.20368000000000003 0.24654 0.06962499999999999 -0.3184 0.8298999999999999 0.31595
14.66 -0.6818 0.819 2.5203689999999996 0.4955 0.15411 0.25699 0.07137 0.7629999999999999 -0.30699999999999994 0.14224 0.14034 0.104875 0.16799999999999993 0.9937 0.12335
10.14 -0.5529999999999999 0.6950000000000001 2.343501 0.4037 0.15975 0.13017 0.15269000000000002 -1.2349999999999999 -0.607 0.136 0.21846 0.08987500000000001 -0.30560000000000004 0.9279 0.07025
15.42 -0.10499999999999998 1.123 4.623132999999999 0.9715 0.14559 0.17165 0.10025 -1.2229999999999999 0.34099999999999997 0.08992 0.21954 0.06887499999999999 0.10080000000000011 0.7753 0.35375
27.86 -0.18620000000000003 1.009 2.9920169999999997 0.6111 0.15705000000000002 0.16485 0.11887 0.3730000000000002 -0.559 0.07936 0.23646 0.11837500000000001 0.33440000000000003 0.3119 0.47525
19.58 0.4885999999999999 0.677 3.4636649999999993 1.9167 0.16287000000000001 0.24985 0.17929 0.1389999999999998 0.01100000000000012 0.01744 0.29154 0.035875000000000004 0.7312000000000001 0.7235 0.14855000000000002
29.78 -0.6397999999999999 1.411 1.8816789999999999 1.3149 0.16461 0.25359 0.08048999999999999 -0.845 -0.883 0.1792 0.15042 0.083875 0.22880000000000011 0.8873 0.42665
17.02 -0.6174 0.5589999999999999 2.186285 0.6179 0.13821 0.28589 0.11811 -1.829 -0.06699999999999995 0.1864 0.13278 0.085875 -0.4848 0.9335 0.29885
19.18 -0.469 0.679 0.014738999999999999 1.3863 0.13905 0.24237 0.11431000000000001 -0.7549999999999999 1.9489999999999998 0.09663999999999999 0.20693999999999999 0.148625 -0.3856 0.7837000000000001 0.46085000000000004
16.98 0.4438 1.419 2.540021 1.2639 0.14889000000000002 0.13221 0.07327 -1.673 0.137 0.01168 0.25085999999999997 0.11962500000000001 -0.3952 0.6577 0.30605000000000004
23.86 0.5698000000000001 1.383 4.2399189999999995 1.8385 0.15645 0.29098999999999997 0.16979 -0.653 0.20900000000000007 0.11295999999999999 0.18246 0.055625 -0.3024 0.3973 0.29345000000000004
10.02 0.009800000000000031 1.2770000000000001 1.2921189999999998 1.5121 0.13875 0.14581 0.09455 -1.889 0.5750000000000002 0.06831999999999999 0.19002 0.09862499999999999 0.12959999999999994 0.5176999999999999 0.34565
18.26 0.45220000000000016 1.2930000000000001 2.8544529999999995 1.7330999999999999 0.14751 0.25256999999999996 0.16447000000000003 0.3610000000000002 -0.2889999999999999 0.08224 0.20586 0.115375 -0.1552 0.9642999999999999 0.25835
17.14 0.2869999999999999 1.401 2.9428869999999994 0.6383 0.14703000000000002 0.25155 0.02577 -1.931 0.9710000000000001 0.24016 0.25158 0.148125 0.25439999999999996 0.4589 0.36185
15.1 0.5838000000000001 1.205 3.453839 1.0803 0.13707 0.28181 0.19449 -0.9410000000000001 -0.925 0.19552 0.1785 0.113875 -0.4112 0.3049 0.19355
28.94 0.6537999999999999 1.275 0.348823 1.3114999999999999 0.15777000000000002 0.21959 0.03983 0.625 0.7429999999999999 0.02176 0.20226 0.134125 0.41759999999999997 0.4911 0.32855
12.02 0.34299999999999997 0.989 4.6820889999999995 0.5193 0.15885000000000002 0.13051000000000001 0.16485000000000002 -0.05899999999999994 0.5510000000000002 0.05824 0.13026 0.12162500000000001 -0.039999999999999925 0.6745 0.061250000000000006
25.18 -0.26739999999999997 0.993 4.112181 0.9306999999999999 0.15129 0.19613 0.18765 0.16900000000000004 1.3250000000000002 0.05536 0.1749 0.082375 -0.014399999999999968 0.7626999999999999 0.32945
28.700000000000003 0.5642 0.537 3.3162749999999996 1.4067 0.15291000000000002 0.26888999999999996 0.18651 0.7030000000000003 0.899 0.04096 0.17021999999999998 0.146375 -0.5104 0.6759 0.31865
28.42 -0.6901999999999999 0.9670000000000001 0.132651 1.2129 0.15075 0.18048999999999998 0.12266999999999999 0.5469999999999997 1.367 0.03424 0.17454 0.048625 0.5808 0.4155 0.27905
29.74 -0.203 1.447 3.7093149999999997 1.0769 0.13695000000000002 0.16349 0.08429 0.7389999999999999 -0.7989999999999999 0.24928 0.25517999999999996 0.062125 -0.39840000000000003 0.8663000000000001 0.40505
12.18 0.16659999999999997 0.751 1.262641 0.6281 0.15453 0.20021 0.12875 0.38500000000000023 0.5089999999999999 0.09328 0.14466 0.113125 -0.0016000000000000458 0.4337 0.24845
14.26 0.24780000000000002 1.453 2.4417609999999996 1.9405 0.15201 0.27773 0.018930000000000002 0.11499999999999977 1.7510000000000003 0.23536 0.2541 0.09937499999999999 -0.7120000000000001 0.7767 0.07295
14.46 -0.49139999999999995 1.0030000000000001 3.1688849999999995 1.4033 0.16071000000000002 0.22265000000000001 0.17131000000000002 0.0730000000000004 0.9530000000000001 0.23872000000000002 0.13674 0.11762500000000001 -0.33440000000000003 0.3231 0.10535
18.34 -0.245 0.5609999999999999 1.8030709999999996 0.9544999999999999 0.16263 0.29167 0.19069000000000003 -0.07699999999999996 1.625 0.11679999999999999 0.28398 0.054875 -0.4944 0.4351 0.24485
13.620000000000001 0.119 1.463 3.2474929999999995 1.6583 0.16449 0.23625 0.11849000000000001 -1.925 0.17900000000000005 0.03856 0.15402 0.045125 0.5264000000000002 0.6675 0.21695000000000003
28.86 -0.5362 1.077 3.0706249999999997 1.6957000000000002 0.15003 0.17131 0.014750000000000001 0.4570000000000003 1.0910000000000002 0.17152 0.13386 0.103625 -0.7504000000000001 0.9573 0.48155000000000003
16.66 -0.5922 0.621 1.4591609999999997 1.3183 0.15855000000000002 0.17811 0.04895000000000001 -1.919 -0.253 0.1312 0.1281 0.050625 -0.24159999999999993 0.9502999999999999 0.33125
19.98 0.026600000000000068 1.119 1.134903 0.9069 0.13509000000000002 0.26141000000000003 0.06263 -0.887 0.2569999999999999 0.05488 0.18966 0.080875 -0.5744 0.9726999999999999 0.19535000000000002
15.66 0.6985999999999999 1.355 2.304197 1.7705 0.13593 0.20803 0.06756999999999999 -1.6909999999999998 0.881 0.025599999999999998 0.1875 0.12462500000000001 -0.2096 0.8718999999999999 0.17105
22.02 0.1946 0.821 2.255067 1.8521 0.16401000000000002 0.26175 0.14433 -1.7269999999999999 0.07699999999999996 0.030879999999999998 0.29298 0.09712499999999999 -0.030399999999999983 0.6857 0.41585
18.02 0.3233999999999999 1.425 3.0116689999999995 1.6141 0.13833 0.21347 0.02121 -0.2510000000000001 0.833 0.03952 0.28758 0.053875000000000006 -0.46240000000000003 0.8481000000000001 0.47345000000000004
27.14 0.6146 0.777 2.068373 1.6855 0.14979 0.15873 0.04021 -0.347 1.9609999999999999 0.07696 0.17526 0.107125 -0.264 0.6618999999999999 0.34295000000000003
13.98 0.3346 0.849 0.162129 0.4921 0.15387 0.20395 0.07820999999999999 -0.15500000000000003 1.4989999999999997 0.14032 0.19541999999999998 0.041125 -0.10399999999999998 0.32589999999999997 0.22595000000000004
18.1 -0.1582 1.393 4.151484999999999 1.2537 0.14247 0.29201 0.16713000000000003 0.403 -0.973 0.09376 0.16698 0.072625 0.11680000000000013 0.7934999999999999 0.48424999999999996
25.54 -0.39899999999999997 0.843 0.40777899999999995 1.0939 0.14637 0.22741 0.08847000000000001 -0.4790000000000001 -0.397 0.0592 0.2559 0.144875 -0.06559999999999999 0.33849999999999997 0.30335
24.939999999999998 -0.6482 1.391 1.242989 1.2299 0.15045 0.13935 0.05845 -0.617 -0.241 0.1888 0.17706 0.066875 -0.1359999999999999 0.4169 0.36275
20.78 0.0938000000000001 1.057 4.338178999999999 0.6757 0.13983 0.15601 0.15421 -1.037 0.43100000000000005 0.20224 0.26166 0.108625 0.10400000000000009 0.6520999999999999 0.44825
14.94 0.42979999999999996 0.731 4.426613 0.7301 0.14727 0.13663 0.03147 -1.313 -0.703 0.12304 0.27498 0.073875 0.07200000000000006 0.8593 0.31955
19.939999999999998 0.4326000000000001 0.9730000000000001 1.5770729999999997 0.47509999999999997 0.16227 0.20735 0.06453 0.8170000000000002 0.815 0.22 0.16518 0.047125 0.23199999999999998 0.6899 0.42574999999999996
11.3 -0.32339999999999997 1.189 0.7615149999999999 0.39349999999999996 0.13569 0.16281 0.17967000000000002 0.5830000000000002 1.529 0.13792000000000001 0.16086 0.078875 0.4272 0.6380999999999999 0.23495000000000005
23.98 -0.43539999999999995 0.851 1.0366429999999998 1.8079 0.15015 0.29031 0.17169 -0.2630000000000001 1.427 0.16336 0.23681999999999997 0.037625000000000006 -0.16479999999999995 0.4827 0.26825
22.3 -0.6621999999999999 1.013 2.284545 0.5329 0.16047 0.22809 0.15497000000000002 -0.635 0.9590000000000001 0.15808 0.14429999999999998 0.030125000000000002 0.7824 0.8145 0.44285
19.380000000000003 0.5978000000000001 1.079 4.750870999999999 1.5393 0.15225 0.23829 0.06339 -1.007 0.16700000000000004 0.14272 0.20406 0.146625 -0.5424 0.9180999999999999 0.47435000000000005
27.18 -0.2002 0.847 3.0313209999999997 1.3353 0.14805000000000001 0.25121 0.01931 0.4690000000000003 -0.835 0.09519999999999999 0.1245 0.065125 0.7952000000000001 0.6535 0.37984999999999997
27.78 -0.44099999999999995 0.511 1.7244629999999996 1.6413 0.14685 0.27025 0.03413 0.601 1.8770000000000002 0.08656 0.26742 0.11912500000000001 0.7792000000000001 0.7781 0.35555000000000003
14.7 -0.33459999999999995 1.395 1.5672469999999998 1.1482999999999999 0.14937 0.19001 0.19525 -0.647 0.653 0.11199999999999999 0.1407 0.149125 0.7856000000000001 0.5373 0.12065000000000001
27.9 0.43820000000000014 0.581 0.5355169999999999 1.3285 0.13653 0.27398999999999996 0.08125 -1.229 1.9369999999999998 0.10815999999999999 0.2973 0.043625 -0.36319999999999997 0.6843 0.06935
22.66 0.4829999999999999 0.903 1.675333 1.7263 0.15663000000000002 0.20429 0.03945 -0.3769999999999998 -0.661 0.14656000000000002 0.16626 0.11787500000000001 -0.22240000000000004 0.9362999999999999 0.30065000000000003
25.740000000000002 -0.6874 0.619 3.1590589999999996 0.3595 0.14541 0.13153 0.18879 -1.799 1.157 0.11871999999999999 0.23609999999999998 0.11987500000000001 0.07520000000000004 0.5932999999999999 0.11525000000000002
11.38 0.35420000000000007 0.985 1.0857729999999999 0.3085 0.13551000000000002 0.16417 0.07099 -0.2450000000000001 1.5949999999999998 0.02464 0.20082 0.08962500000000001 0.16159999999999997 0.5961 0.19625000000000004
21.86 -0.357 1.159 1.6655069999999998 0.4411 0.16359 0.21415 0.19183000000000003 0.12699999999999978 1.7270000000000003 0.11631999999999999 0.27318 0.081375 -0.4464 0.9391 0.17465000000000003
11.58 0.4998 1.407 2.766019 1.9133000000000002 0.13899 0.23217 0.023490000000000004 -1.883 1.8050000000000002 0.07984 0.27605999999999997 0.066625 0.6480000000000001 0.9013 0.26735
15.18 0.27860000000000007 0.783 4.387308999999999 0.9035 0.14031000000000002 0.20973 0.18385 0.21099999999999985 1.967 0.11152 0.2865 0.040625 0.7632000000000001 0.4295 0.09995000000000001
20.740000000000002 0.21140000000000003 1.437 2.422109 0.8389 0.15915 0.18457 0.01627 -1.217 0.8029999999999999 0.022240000000000003 0.15905999999999998 0.079625 0.7184000000000001 0.3371 0.055850000000000004
29.62 -0.05459999999999998 1.201 0.338997 0.7062999999999999 0.14499 0.21687 0.13597 -1.7690000000000001 0.8089999999999999 0.1072 0.1659 0.047375 0.6608 0.4575 0.12785000000000002
23.3 0.07700000000000007 0.503 0.29969299999999993 1.1313 0.14931 0.17403000000000002 0.04667 0.5709999999999997 -0.30099999999999993 0.0208 0.21738000000000002 0.08687500000000001 -0.2832 0.8341000000000001 0.09275
29.259999999999998 0.5866 0.739 4.141659 0.4003 0.14415 0.18185 0.07175000000000001 -0.07099999999999995 -0.361 0.184 0.28722000000000003 0.146125 0.5744 0.5947 0.23765000000000003
13.38 -0.0041999999999999815 1.037 4.318527 0.5431 0.16023 0.14717 0.06719 -1.463 -0.487 0.13408 0.17346 0.09237500000000001 -0.5296000000000001 0.40709999999999996 0.17285
11.66 -0.32059999999999994 1.005 0.171955 1.1211 0.15105000000000002 0.18831 0.06149 -1.973 -0.709 0.019360000000000002 0.14393999999999998 0.12262500000000001 0.1552 0.3679 0.47255
10.98 -0.623 0.715 0.5453429999999999 0.4717 0.14535 0.17573 0.06566999999999999 -1.937 1.955 0.244 0.17994 0.055375 0.6128 0.6311 0.05405
13.3 -0.4578 1.4929999999999999 3.335927 0.8491 0.15597 0.14955000000000002 0.18271 -1.469 0.5209999999999999 0.052 0.18137999999999999 0.139625 0.6960000000000002 0.7893 0.10895
23.54 -0.10219999999999996 1.439 0.6436029999999999 1.8181 0.14835 0.24951 0.09493 -0.2749999999999999 0.821 0.03904 0.15617999999999999 0.047625 -0.7632000000000001 0.4995 0.05675
12.74 -0.032199999999999895 1.3010000000000002 1.321597 1.6651 0.15393 0.20327 0.02615 0.8290000000000002 1.5709999999999997 0.07888 0.16446 0.044625 -0.01760000000000006 0.4841 0.33935
15.5 -0.03499999999999992 1.2610000000000001 2.5498469999999998 1.0191 0.15927000000000002 0.23795 0.10290999999999999 0.577 -0.31299999999999994 0.11392 0.1839 0.034875 -0.4496 0.5751 0.05135
11.22 -0.009800000000000031 0.557 2.107677 0.8559000000000001 0.14235 0.17913 0.01247 -1.4929999999999999 1.4330000000000003 0.17392000000000002 0.24402000000000001 0.039125 -0.2992 0.4211 0.34655
29.060000000000002 0.5306 1.085 0.250563 1.8997000000000002 0.14055 0.26344999999999996 0.04743000000000001 -0.593 1.9969999999999999 0.06112 0.28037999999999996 0.12187500000000001 0.3919999999999999 0.4897 0.16205
27.1 0.651 0.603 3.2376669999999996 0.9137 0.15861 0.21177 0.01171 0.39700000000000024 0.893 0.24784 0.18174 0.025875000000000002 0.46240000000000014 0.8929 0.05945
16.82 -0.32619999999999993 1.455 2.648107 1.2095 0.14187 0.19987 0.013989999999999999 0.28900000000000015 0.935 0.0712 0.23286 0.038375 -0.14559999999999995 0.9657 0.43205
18.740000000000002 0.21699999999999997 1.0270000000000001 2.029069 0.9171 0.14649 0.23761 0.06491000000000001 0.9729999999999999 0.46099999999999985 0.09088 0.12594 0.142375 0.2864 0.6773 0.14405
10.34 0.4102000000000001 0.911 2.5989769999999996 1.4985 0.14547000000000002 0.14445 0.09265 -0.36499999999999977 -0.637 0.22384 0.26454 0.132625 0.42400000000000015 0.6073 0.17645
21.98 0.4578 0.601 2.146981 0.3697 0.15417 0.17539 0.17663 0.6429999999999998 1.5110000000000001 0.05344 0.24294 0.061875 -0.6384000000000001 0.6339 0.30695
11.54 -0.6846 1.0430000000000001 3.0902769999999995 0.5703 0.15573 0.25903 0.12761 -0.47299999999999986 0.917 0.13744 0.13782 0.063125 -0.7376 0.4981 0.23675000000000002
22.82 0.13019999999999998 0.7909999999999999 3.3555789999999996 0.9613 0.14409 0.14615 0.15459 -1.895 1.613 0.10672 0.14574 0.107375 -0.3728 0.8271 0.22865000000000002
20.259999999999998 -0.16100000000000003 1.0470000000000002 0.8794269999999998 0.43089999999999995 0.16017 0.15431 0.061110000000000005 -0.17900000000000005 -0.11499999999999999 0.11968 0.13854 0.136375 -0.21920000000000006 0.3343 0.13145
27.5 -0.01539999999999997 1.199 0.21125899999999995 0.31529999999999997 0.14331000000000002 0.20293 0.01285 -0.016999999999999904 -0.817 0.02944 0.12054 0.142625 0.7344000000000002 0.40149999999999997 0.10715
23.700000000000003 0.6314 0.543 3.286797 1.8827 0.14841000000000001 0.27603 0.12685 0.2530000000000001 -0.03699999999999992 0.02368 0.14178 0.079875 -0.15839999999999999 0.5470999999999999 0.49685
24.9 -0.08540000000000003 0.727 4.053224999999999 0.7980999999999999 0.13911 0.19885 0.10481 -1.085 1.331 0.19072 0.24725999999999998 0.028625 -0.16799999999999993 0.6241 0.20525000000000004
19.9 -0.4438 0.717 0.9089049999999999 0.6960999999999999 0.15219000000000002 0.26922999999999997 0.11697 -1.487 -0.871 0.057760000000000006 0.25986 0.051625000000000004 -0.49760000000000004 0.8705 0.20345000000000002
13.02 0.4858 0.629 2.048721 1.8589 0.16005 0.14139000000000002 0.051230000000000005 0.835 1.0790000000000002 0.09807999999999999 0.22386 0.09537500000000002 -0.2864 0.4645 0.07745
26.1 -0.5586 0.887 2.8839309999999996 1.6107 0.13671 0.27942999999999996 0.028810000000000002 -0.32899999999999974 1.0310000000000001 0.08271999999999999 0.24905999999999998 0.148875 -0.11040000000000005 0.6465 0.28265
17.46 0.31220000000000003 1.3170000000000002 2.6677589999999998 0.9511000000000001 0.15351 0.27739 0.09189 -1.2530000000000001 0.5870000000000002 0.10288 0.15761999999999998 0.09312500000000001 0.24480000000000013 0.7081 0.058550000000000005
12.620000000000001 0.08540000000000003 0.865 0.977687 1.0055 0.14997000000000002 0.24135 0.03907 -1.655 0.31099999999999994 0.027999999999999997 0.18713999999999997 0.029625000000000002 -0.2704 0.3833 0.14585
10.62 -0.6789999999999999 0.779 2.3533269999999997 0.5907 0.14295000000000002 0.24407 0.13521000000000002 -0.7849999999999999 1.6790000000000003 0.15904000000000001 0.14322 0.137125 0.3568 0.5428999999999999 0.33755
18.22 -0.40459999999999996 1.3290000000000002 4.574002999999999 0.7675000000000001 0.13599 0.14785 0.12038999999999998 -1.031 -0.679 0.06496 0.27786 0.140125 0.5488 0.7851 0.24755
16.14 0.1582 1.2269999999999999 0.093347 1.2741 0.13629000000000002 0.26685000000000003 0.13065000000000002 0.43900000000000006 -0.349 0.0856 0.25122 0.032625 0.6288 0.5527 0.10175000000000001
25.34 0.5473999999999999 1.0150000000000001 2.0781989999999997 1.5427 0.15621000000000002 0.25495 0.14851 -1.067 1.439 0.13216 0.24078 0.12112500000000001 -0.16159999999999997 0.4869 0.23045000000000004
12.1 0.26460000000000006 1.0710000000000002 2.137155 0.7845 0.15591000000000002 0.24679 0.16181 -0.2270000000000001 1.1749999999999998 0.07792 0.15726 0.055125 0.3216000000000001 0.6800999999999999 0.21965
12.22 0.15539999999999998 0.767 1.7342889999999997 0.5091 0.15315 0.27059 0.16219000000000003 0.09700000000000042 1.3130000000000002 0.20848000000000003 0.16877999999999999 0.036875000000000005 -0.33120000000000005 0.9755 0.43565
14.14 -0.12179999999999991 0.771 4.1613109999999995 0.9477 0.15471000000000001 0.23081 0.09075 -0.20900000000000007 -0.391 0.2488 0.29801999999999995 0.09787499999999999 -0.7152000000000001 0.3091 0.07475000000000001
18.78 0.3457999999999999 1.327 3.6405329999999996 1.4781000000000002 0.14985 0.16859000000000002 0.046290000000000005 -1.787 1.145 0.18495999999999999 0.27246 0.042625 0.5840000000000001 0.6913 0.14945
19.54 -0.5753999999999999 1.131 1.5868989999999998 0.9986999999999999 0.15171 0.23182999999999998 0.03261 -1.2469999999999999 1.319 0.11488 0.27066 0.130375 -0.6768000000000001 0.3525 0.24575000000000002
16.94 0.023800000000000043 0.855 1.4984649999999997 0.6689 0.14487 0.17845 0.058070000000000004 0.9369999999999998 0.20300000000000007 0.20608 0.1605 0.135625 0.3984000000000001 0.6605 0.38975
18.9 0.6734 1.377 0.849949 1.4577 0.14163 0.27671 0.05883 -1.4809999999999999 0.5270000000000001 0.2056 0.2739 0.056625 -0.18720000000000003 0.9517 0.34475
20.9 -0.14700000000000002 0.647 2.687411 1.9337 0.14733000000000002 0.20701 0.17055 0.8050000000000002 -0.7929999999999999 0.10096 0.25194 0.076625 0.3248000000000002 0.8396999999999999 0.08825000000000001
16.22 -0.15539999999999998 0.7989999999999999 3.5226209999999996 1.3251 0.13617 0.13867000000000002 0.03451 0.2650000000000001 -0.04299999999999993 0.015519999999999999 0.17274 0.08912500000000001 -0.6512 0.9839 0.08555
13.9 -0.21139999999999992 0.641 1.655681 0.8219000000000001 0.16167 0.15465 0.17093 0.15700000000000003 1.7750000000000004 0.09136 0.22781999999999997 0.048125 -0.248 0.3735 0.43835
11.82 -0.3374 0.575 0.329171 1.3795 0.14865 0.13085 0.05997 -1.7029999999999998 0.42500000000000004 0.01408 0.17166 0.132125 0.4336 0.9601 0.25655
22.54 -0.6594 0.869 4.868783 0.7641 0.15681 0.29745 0.06643 -0.395 0.41900000000000004 0.21664 0.18822 0.131625 -0.4784 0.38749999999999996 0.36724999999999997
22.42 0.25340000000000007 1.213 2.5105429999999997 0.8185 0.15537 0.24509 0.01703 0.9790000000000001 0.131 0.07311999999999999 0.19578 0.033125 0.6992 0.8858999999999999 0.11165
16.5 -0.1078 0.565 4.230092999999999 1.5801 0.15579 0.29847 0.15383000000000002 -1.985 -0.715 0.049120000000000004 0.17202 0.102875 -0.7568 0.4687 0.44915
21.66 0.4606000000000001 0.839 4.092528999999999 1.7399 0.14523 0.27909 0.15307 -0.599 -0.06099999999999994 0.18928 0.26417999999999997 0.065375 0.5072000000000001 0.8018999999999998 0.09635
10.18 0.05460000000000009 1.4849999999999999 0.45690899999999995 1.6209 0.13743 0.16553 0.04173 0.121 -0.991 0.14800000000000002 0.2757 0.025625000000000002 0.0656000000000001 0.6283 0.47795000000000004
26.3 0.4718 0.883 1.6065509999999998 1.1755 0.13797 0.25053 0.19411 0.685 -0.577 0.0928 0.12486 0.109375 -0.7216 0.3287 0.44555
15.74 -0.5222 0.825 4.672263 1.3319 0.15939 0.13901 0.026909999999999996 -1.385 0.9830000000000001 0.21423999999999999 0.15582 0.059625000000000004 -0.5648000000000001 0.7108999999999999 0.32495
25.78 -0.012600000000000056 0.683 2.726715 1.3081 0.16191 0.13391 0.04553 -1.529 0.9890000000000001 0.20800000000000002 0.29406 0.051375000000000004 -0.45920000000000005 0.7375 0.09725
16.78 0.1834 0.733 2.0585469999999995 1.1142999999999998 0.15321 0.16791 0.06795 0.3370000000000002 1.2770000000000001 0.13888 0.12269999999999999 0.12237500000000001 0.5424 0.7122999999999999 0.36995
15.26 -0.5838 1.089 1.7932449999999998 0.4343 0.15699000000000002 0.28147 0.02767 -1.5470000000000002 0.863 0.15231999999999998 0.24977999999999997 0.032875 0.5936000000000001 0.5919 0.46445000000000003
24.14 -0.5334 0.713 3.4833169999999996 1.7943 0.14871 0.22876999999999997 0.18917000000000003 0.2469999999999999 0.7130000000000001 0.12784 0.15977999999999998 0.039375 0.6864000000000001 0.9404999999999999 0.06035
28.62 -0.23379999999999995 0.9650000000000001 4.544524999999999 1.0871 0.15333000000000002 0.28759 0.17853000000000002 0.9489999999999998 1.8710000000000004 0.20752 0.20298 0.081625 -0.12319999999999998 0.7808999999999999 0.47705000000000003
24.66 -0.6986 1.045 1.616377 1.2978999999999998 0.14655 0.29370999999999997 0.19031000000000003 -0.32299999999999995 -0.745 0.196 0.17094 0.09262500000000001 0.7536 0.9320999999999999 0.34025
24.22 0.259 0.643 3.2278409999999997 1.4679000000000002 0.13563 0.14513 0.18955000000000002 -1.079 0.11299999999999999 0.11584 0.29442 0.09662500000000002 0.05920000000000003 0.6927 0.38345
19.82 -0.6734 1.113 0.063869 1.1007 0.14043 0.18253 0.15231 -1.061 -0.08499999999999996 0.14752 0.26778 0.064125 -0.536 0.6591 0.20884999999999998
28.14 0.4494 1.405 4.731218999999999 0.36629999999999996 0.15285 0.17675000000000002 0.12913 0.931 -0.10299999999999998 0.03232 0.16194 0.112125 -0.1392 0.8956999999999999 0.14045000000000002
25.82 0.037800000000000056 0.6930000000000001 3.7879229999999997 0.5941000000000001 0.14217000000000002 0.17505 0.19107000000000002 -0.7789999999999999 -0.42700000000000005 0.01264 0.15689999999999998 0.103375 -0.5968 0.40569999999999995 0.22955000000000003
10.22 0.0798000000000001 0.759 2.4908909999999995 0.9409000000000001 0.15981 0.16077 0.12152999999999999 -0.7190000000000001 -0.937 0.10768 0.21810000000000002 0.027875 0.27680000000000016 0.9992999999999999 0.21605000000000002
20.62 -0.06299999999999994 1.4689999999999999 0.270215 0.3493 0.15435000000000001 0.13255 0.08885 0.06099999999999994 0.371 0.1696 0.26814 0.08937500000000001 0.5648 0.6997 0.27545000000000003
12.94 -0.14979999999999993 1.151 2.500717 0.5737 0.14877 0.23557 0.06529 -1.805 -0.32499999999999996 0.14848 0.29262 0.039875 0.027200000000000002 0.9222999999999999 0.32225
19.060000000000002 -0.6509999999999999 1.3130000000000002 2.746367 1.6447 0.15405000000000002 0.18933 0.13863000000000003 -0.833 0.2869999999999999 0.013600000000000001 0.26022 0.073375 -0.22560000000000002 0.9544999999999999 0.29165
13.1 0.6565999999999999 0.7050000000000001 0.4372569999999999 1.3216999999999999 0.15345 0.23591 0.19791 -1.601 1.205 0.04576 0.20154 0.075125 -0.7536 0.7879 0.46625
28.66 -0.5137999999999999 1.193 3.5717509999999995 1.3761 0.14469 0.19069 0.15117 -0.815 1.1989999999999998 0.17344 0.1209 0.12412500000000001 -0.02400000000000002 0.36369999999999997 0.41675
23.46 -0.47459999999999997 0.873 4.397135 0.4445 0.16209 0.29608999999999996 0.09987 0.20500000000000007 1.8410000000000002 0.14464000000000002 0.24797999999999998 0.064625 -0.6256 0.7066999999999999 0.49235
13.66 -0.1946 1.091 4.220267 1.4101000000000001 0.15897 0.18865 0.05389000000000001 0.29499999999999993 1.4090000000000003 0.020319999999999998 0.27642 0.117125 -0.7728 0.3777 0.46805
25.46 0.133 1.083 1.370727 1.2231 0.16455 0.25563 0.18461000000000002 -0.34099999999999975 -0.04899999999999993 0.16192 0.24546 0.056125 -0.5392 0.9433 0.25925000000000004
14.74 0.371 0.937 0.820471 1.1925 0.16035 0.19952999999999999 0.08809 -0.7669999999999999 -0.667 0.11055999999999999 0.1515 0.136625 0.6832 0.8312999999999999 0.06755
17.58 0.42420000000000013 0.899 4.652610999999999 1.2605 0.16233 0.20496999999999999 0.19297 -0.028999999999999915 1.943 0.23632 0.22998 0.12012500000000001 0.22560000000000002 0.4617 0.27815
17.06 -0.20580000000000004 1.107 0.5551689999999999 0.3357 0.14079 0.22843 0.07934999999999999 -1.811 -0.277 0.23008 0.2631 0.052125000000000005 0.6032 0.5023 0.22685
18.18 0.6342000000000001 0.861 0.10317299999999997 0.7199 0.14439000000000002 0.19136999999999998 0.15345 -1.367 0.389 0.0736 0.20046 0.105125 -0.23840000000000006 0.9237 0.19895000000000002
12.86 0.6621999999999999 0.711 0.4274309999999999 1.4169 0.13605 0.19443 0.16067 -1.1629999999999998 1.9129999999999998 0.0568 0.21342 0.141125 -0.27680000000000005 0.6633 0.16025
28.740000000000002 -0.5558 0.999 3.6503589999999995 1.0259 0.13869 0.18219 0.17397 -0.03499999999999992 1.919 0.23152 0.21414 0.09687500000000002 0.3952 0.9797 0.07205
27.82 -0.05179999999999996 1.373 2.8446269999999996 1.3659000000000001 0.13557 0.15295 0.13217 -1.019 1.463 0.06735999999999999 0.17562 0.057625 -0.5008 0.9559 0.45995
15.620000000000001 0.6258000000000001 0.9470000000000001 4.348005 0.5601 0.14403000000000002 0.22945 0.12571 -0.5150000000000001 0.7010000000000001 0.08752 0.26202000000000003 0.114375 -0.09440000000000004 0.8998999999999999 0.26375000000000004
27.259999999999998 -0.07979999999999998 0.9710000000000001 2.9134089999999997 0.6315 0.14463 0.14887 0.18575000000000003 -1.763 1.673 0.22864 0.23574 0.12537500000000001 0.0048000000000000265 0.5737 0.48065
23.66 0.29259999999999997 1.4969999999999999 1.390379 1.2673 0.13635 0.20667 0.02957 -0.623 1.9729999999999999 0.17632 0.23034 0.114625 -0.52 0.4001 0.36905
15.34 -0.09940000000000004 0.7030000000000001 4.2890489999999994 1.5257 0.16095 0.16383 0.03793 -1.793 -0.16899999999999993 0.11728 0.2667 0.138625 0.6064 0.8831 0.23585
29.58 -0.2506 1.141 4.0040949999999995 1.9779 0.14085 0.15669 0.01095 -1.7570000000000001 0.30499999999999994 0.23776000000000003 0.26958000000000004 0.09762499999999999 0.29600000000000004 0.3721 0.37355
15.14 0.6454 1.101 1.3117709999999998 0.6893 0.15273 0.18559 0.19259 -1.157 0.617 0.13456 0.22493999999999997 0.08637500000000001 0.49760000000000004 0.8565 0.26465
24.98 -0.483 0.775 4.534699 1.6345 0.15771000000000002 0.18015 0.015130000000000001 -0.4249999999999998 1.013 0.08943999999999999 0.21917999999999999 0.12687500000000002 -0.776 0.6940999999999999 0.13595000000000002
21.3 -0.35419999999999996 0.505 0.9187309999999999 0.3969 0.14745 0.26209 0.13635000000000003 -0.22100000000000009 0.125 0.18592 0.2991 0.136875 0.15839999999999999 0.7025 0.19175000000000003
19.46 0.11619999999999997 0.8089999999999999 3.1197549999999996 0.5295 0.15999000000000002 0.28249 0.08505 -0.839 0.5630000000000002 0.030400000000000003 0.22854 0.09912499999999999 0.011199999999999988 0.4225 0.27635
18.060000000000002 0.5166 0.649 2.225589 0.7539 0.16173 0.14241 0.03223 -0.881 1.2650000000000001 0.19168000000000002 0.29225999999999996 0.078125 0.5391999999999999 0.6409 0.24935000000000002
14.58 0.09660000000000013 1.385 1.0955989999999998 1.9201000000000001 0.14823 0.18117 0.14623 0.04900000000000038 -0.997 0.04816 0.16554 0.147125 -0.5072000000000001 0.7319 0.08915000000000001
24.060000000000002 0.2814000000000001 0.9750000000000001 3.5520989999999992 0.8729 0.16467 0.23726999999999998 0.14547000000000002 -0.5630000000000002 1.6429999999999998 0.19792 0.24618 0.130125 -0.664 0.6563 0.42395000000000005
21.340000000000003 0.08820000000000006 1.2970000000000002 4.505221 1.7569 0.13935 0.20224999999999999 0.03755000000000001 -0.43699999999999983 1.6189999999999998 0.10479999999999999 0.25266 0.135125 0.4368000000000001 0.9026999999999998 0.10625000000000001
11.42 -0.043399999999999994 1.001 3.375231 1.7501 0.15363000000000002 0.14479 0.08998999999999999 0.6550000000000002 -0.841 0.06592 0.1299 0.055875 0.5871999999999999 0.7164999999999999 0.19445
21.9 -0.595 1.0350000000000001 2.569499 1.0361 0.16293000000000002 0.25971 0.06681 -1.145 -0.02499999999999991 0.1768 0.12233999999999999 0.09812499999999999 -0.23520000000000008 0.9699 0.47615
26.66 0.5418000000000001 1.2530000000000001 3.2081889999999995 0.35609999999999997 0.16065000000000002 0.18389 0.11773 -0.923 0.7909999999999999 0.14368000000000003 0.2145 0.09737499999999999 0.21920000000000006 0.6045 0.26015
15.86 0.41300000000000003 1.375 2.2059369999999996 0.6213 0.15459 0.13765 0.05503 -0.5569999999999999 -0.511 0.23728000000000002 0.29838 0.115125 0.36959999999999993 0.8425 0.39785
27.42 -0.5306 1.267 2.824975 1.4951 0.16197 0.26447 0.14661000000000002 0.33099999999999996 0.911 0.02896 0.2649 0.09487500000000001 0.23520000000000008 0.8494999999999999 0.41945000000000005
28.580000000000002 -0.42419999999999997 0.9770000000000001 3.6208809999999994 1.8249 0.15135 0.16689 0.14243000000000003 0.4810000000000003 -0.919 0.06784 0.1767 0.076375 -0.5584 0.4281 0.10265
12.14 0.4186000000000001 0.991 0.46673499999999996 1.1687 0.14037 0.20837 0.08733 -1.499 1.811 0.06544 0.28325999999999996 0.107875 0.4144000000000001 0.48829999999999996 0.45275
27.7 0.5333999999999999 0.681 3.778097 0.7233 0.15849000000000002 0.27229 0.10100999999999999 -1.169 -0.018999999999999906 0.22672 0.19722 0.145375 -0.21600000000000008 0.4659 0.39245
12.82 0.32620000000000005 1.367 1.5082909999999998 0.5363 0.15903 0.15091 0.18993000000000002 -1.415 1.9009999999999998 0.13168 0.2829 0.08862500000000001 0.0848000000000001 0.5569 0.44195
15.82 0.6845999999999999 1.135 0.9482089999999999 1.0599 0.15513000000000002 0.18627 0.13939000000000001 -1.667 -0.763 0.23248000000000002 0.21198 0.144625 -0.3504 0.9964999999999999 0.21245000000000003
19.740000000000002 0.5502 0.829 1.979939 0.7471 0.15369 0.16655 0.10747 -1.7149999999999999 -0.823 0.05248 0.16986 0.075375 0.6672 0.6955 0.33305
20.02 -0.3514 1.2890000000000001 3.0607989999999994 0.30169999999999997 0.15723 0.24475 0.15915 0.34299999999999997 0.347 0.20944000000000002 0.17958 0.11862500000000001 0.030399999999999983 0.8523000000000001 0.09905
11.74 -0.5109999999999999 0.501 4.131832999999999 1.1721 0.13581000000000001 0.25325 0.01551 -1.271 1.649 0.1096 0.21378 0.077625 -0.7952 0.6969000000000001 0.45365
11.46 0.31779999999999986 0.833 2.9821909999999994 1.4883000000000002 0.14241 0.26617 0.030330000000000003 0.4630000000000001 -0.553 0.14416 0.12738 0.08762500000000001 0.16479999999999995 0.8327 0.36005000000000004
23.060000000000002 0.18620000000000003 1.259 0.8892529999999998 1.9439 0.13857 0.19749 0.07859 -0.587 0.6470000000000002 0.21616 0.28254 0.084375 -0.6544000000000001 0.3301 0.06485
20.54 -0.5781999999999999 0.9610000000000001 3.9844429999999997 1.4849 0.13923000000000002 0.13425 0.09112999999999999 -1.979 -0.42100000000000004 0.17056000000000002 0.22674 0.041375 0.24160000000000004 0.7179 0.22325
16.1 -0.36819999999999997 0.935 1.203685 0.8150999999999999 0.14529 0.27127 0.04211 -0.9949999999999999 1.907 0.24256 0.16914 0.101625 0.36640000000000006 0.8942999999999999 0.09185
13.42 -0.29539999999999994 1.069 4.357830999999999 1.1584999999999999 0.14517000000000002 0.24169000000000002 0.15573 -1.913 0.9410000000000001 0.124 0.20442 0.060125000000000005 0.3728 0.7444999999999999 0.10445
13.22 -0.49699999999999994 1.157 4.200614999999999 1.7535 0.16125 0.18320999999999998 0.14965 -1.181 1.061 0.04 0.16734 0.138125 0.48160000000000003 0.5834999999999999 0.32405
22.58 -0.31499999999999995 0.7929999999999999 3.1885369999999997 0.6927 0.15399000000000002 0.23863 0.10139 -0.4670000000000001 0.09499999999999997 0.09711999999999998 0.19074 0.149375 0.7472000000000001 0.5498999999999999 0.27185
24.38 0.22260000000000002 1.487 1.999591 0.6655 0.14397000000000001 0.13459000000000002 0.01133 0.31899999999999995 -0.583 0.05104 0.21054 0.108875 0.34399999999999986 0.5148999999999999 0.10805000000000001
17.82 -0.2758 1.351 2.4122829999999995 1.6311 0.13665000000000002 0.22231 0.18157 -1.7389999999999999 -0.535 0.17440000000000003 0.15114 0.029375000000000002 0.6896000000000002 0.4393 0.49774999999999997
14.54 0.4942 1.0510000000000002 4.171136999999999 0.5669 0.14847000000000002 0.23998999999999998 0.054270000000000006 -1.331 1.0250000000000004 0.08127999999999999 0.14718 0.106125 0.552 0.8187 0.43024999999999997
21.380000000000003 -0.5613999999999999 1.457 1.4296829999999998 0.5125 0.14139000000000002 0.16145 0.025390000000000003 -0.2390000000000001 0.923 0.23824 0.19434 0.101875 -0.008000000000000007 0.6129 0.18905
13.18 0.5109999999999999 1.169 4.072877 0.5872999999999999 0.14265 0.26855 0.07973 -1.5230000000000001 -0.847 0.15712 0.17058 0.108375 -0.07840000000000003 0.7963 0.08735000000000001
29.82 0.44100000000000006 1.171 3.6994889999999994 0.7266999999999999 0.15747 0.20633 0.03185 -1.841 -0.907 0.1192 0.28362 0.047875 0.4304000000000001 0.9489000000000001 0.14315
22.7 -0.427 0.673 0.39795299999999995 1.1347 0.15261 0.29779 0.05009 -0.371 -0.1389999999999999 0.24064 0.28506 0.026625000000000003 0.1359999999999999 0.9629000000000001 0.37174999999999997
25.1 0.5726 1.2650000000000001 2.3729789999999995 0.9919 0.15783 0.27093 0.10975 -0.6890000000000001 0.5390000000000001 0.15424 0.28937999999999997 0.09562500000000002 -0.4912 0.9741 0.17015000000000002
20.66 0.5138 1.233 1.9013309999999999 1.8691 0.14283 0.29439 0.17321 -0.31099999999999994 1.6310000000000002 0.10192 0.20801999999999998 0.108125 0.248 0.5303 0.39605
11.620000000000001 0.5782 1.3250000000000002 1.0071649999999999 1.7059000000000002 0.15951 0.20123 0.09569 0.7690000000000001 1.451 0.20320000000000002 0.14645999999999998 0.12287500000000001 -0.5680000000000001 0.7011000000000001 0.28625
18.98 -0.637 1.287 1.9308089999999998 1.5325 0.16413 0.28963 0.10861 -1.1869999999999998 1.8170000000000002 0.08415999999999998 0.21702 0.129375 -0.7472000000000001 0.6436999999999999 0.17915000000000003
22.259999999999998 -0.4633999999999999 1.139 1.4886389999999998 0.9681 0.13941 0.19239 0.028430000000000004 0.637 1.859 0.20464000000000002 0.16122 0.061125000000000006 -0.4304 0.9055 0.13775
15.94 0.3317999999999999 1.335 3.1983629999999996 0.7606999999999999 0.13851000000000002 0.25834999999999997 0.11735000000000001 0.7750000000000004 0.2510000000000001 0.01648 0.23393999999999998 0.083125 -0.648 0.5065 0.16295
17.86 0.01539999999999997 0.8029999999999999 2.7070629999999998 1.8793000000000002 0.16275 0.27841 0.17017000000000002 -1.379 0.08299999999999996 0.14176000000000002 0.24941999999999998 0.052625000000000005 -0.11360000000000003 0.45609999999999995 0.25025000000000003
13.46 -0.4466 0.877 2.323849 0.4275 0.15099 0.28725 0.17777 -0.8089999999999999 0.15500000000000003 0.05152 0.17634 0.049125 0.32799999999999985 0.3147 0.16385
28.82 -0.30379999999999996 0.725 0.7713409999999999 1.7365 0.14913 0.29540999999999995 0.059210000000000006 0.2709999999999999 -0.19299999999999995 0.18448 0.1623 0.053375000000000006 0.44000000000000017 0.3553 0.36635
18.54 0.18059999999999998 0.545 3.3064489999999997 1.9269 0.14955000000000002 0.19205 0.05693 -1.607 1.505 0.06928 0.26094 0.11887500000000001 -0.7824000000000001 0.44909999999999994 0.25385
13.34 0.6705999999999999 0.597 0.810645 0.7947 0.16185 0.23965 0.10671 0.2290000000000001 1.7570000000000001 0.09567999999999999 0.14826 0.143625 0.4912000000000001 0.4729 0.43295
14.34 0.19179999999999997 1.431 0.5649949999999999 1.9065 0.13659000000000002 0.22537000000000001 0.08619 0.8770000000000002 -0.030999999999999917 0.15664 0.20838 0.06987499999999999 0.3792 0.6717 0.41045000000000004
14.86 0.385 0.529 4.8393049999999995 0.6859 0.14337 0.27705 0.03527 -0.04699999999999993 0.665 0.09232 0.2577 0.037125000000000005 -0.12 0.4533 0.37715
27.62 0.17220000000000002 0.885 0.7222109999999998 0.4649 0.14421 0.28827 0.17359000000000002 0.30699999999999994 1.931 0.035679999999999996 0.24222 0.082625 0.5904 0.7137 0.45815
10.74 0.5558000000000001 1.399 1.9897649999999998 0.9851000000000001 0.14715 0.23148999999999997 0.054650000000000004 -1.439 1.1269999999999998 0.1576 0.26526 0.034125 -0.6896 0.5246999999999999 0.42935
11.1 -0.2814 1.095 4.122006999999999 0.5465 0.13683 0.27976999999999996 0.16865 0.6669999999999998 -0.529 0.07647999999999999 0.21126 0.062625 -0.1008 0.3749 0.08645
27.3 0.39339999999999997 1.053 3.7584449999999996 0.8525 0.16371000000000002 0.18083 0.08201 -0.5209999999999999 1.2469999999999999 0.21952 0.2613 0.056375 0.4560000000000002 0.3497 0.13235000000000002
24.619999999999997 -0.23099999999999998 0.635 0.5256909999999999 1.2469000000000001 0.15633 0.24611 0.056170000000000005 0.019000000000000128 0.845 0.10384 0.17814 0.08812500000000001 -0.7056 0.8649 0.30245
25.060000000000002 -0.21419999999999995 0.623 2.4712389999999997 1.3999000000000001 0.14127 0.29269 0.12380999999999999 0.7270000000000003 0.4910000000000001 0.18064 0.18497999999999998 0.148375 0.19679999999999997 0.9124999999999999 0.31775
10.26 -0.09099999999999997 0.913 2.294371 1.6515 0.14475000000000002 0.27637 0.04515 0.355 0.017000000000000126 0.01792 0.23862 0.12887500000000002 0.1936 0.3847 0.35735
16.18 0.4969999999999999 1.125 0.7516889999999999 0.3119 0.13803 0.21517 0.02463 -1.643 1.3730000000000002 0.23296 0.19254 0.045625 0.6640000000000001 0.36229999999999996 0.31234999999999996
23.1 -0.27299999999999996 1.2429999999999999 3.296623 0.7131 0.15039 0.27161 0.13445000000000001 -0.851 0.16100000000000003 0.21376 0.18425999999999998 0.110625 -0.1936 0.8201 0.24305
18.3 0.5753999999999999 0.609 0.23091099999999998 1.4135 0.14019 0.13969 0.06605 -0.16700000000000004 0.6590000000000003 0.08511999999999999 0.21089999999999998 0.12787500000000002 -0.02080000000000004 0.6031 0.09005
18.46 -0.13019999999999998 1.0390000000000001 3.100103 1.8929 0.15087 0.23454999999999998 0.15991000000000002 -0.40700000000000003 0.19100000000000006 0.14992 0.24186000000000002 0.058625000000000003 0.5327999999999999 0.8354999999999999 0.25475000000000003
23.22 -0.09660000000000002 1.145 1.0464689999999999 1.7195 0.16425 0.13527 0.12115 -0.7969999999999999 1.1509999999999998 0.13696 0.28794 0.050125 -0.7696000000000001 0.31889999999999996 0.05765000000000001
20.42 0.26180000000000003 0.7090000000000001 2.5301949999999995 1.5495 0.14175000000000001 0.23897000000000002 0.14699 -0.18500000000000005 1.787 0.057280000000000005 0.21234 0.12312500000000001 -0.06879999999999997 0.8676999999999999 0.49595
20.18 -0.24219999999999997 1.483 1.9209829999999999 1.4305 0.15891 0.19817 0.10633 -1.2770000000000001 1.565 0.0112 0.20622 0.147375 -0.4176 0.3581 0.37805
11.9 -0.48019999999999996 0.907 4.485569 1.0123 0.14103000000000002 0.23387 0.16105000000000003 0.4930000000000003 1.343 0.2008 0.22637999999999997 0.056875 0.744 0.3665 0.23854999999999998
22.34 0.23940000000000006 0.573 0.319345 0.4819 0.16077 0.22979 0.15079 -0.26900000000000013 -0.22899999999999998 0.01072 0.1425 0.079375 0.5584 0.3105 0.41225
16.42 -0.6761999999999999 1.225 3.5422729999999993 1.0429 0.14379 0.25461 0.017410000000000002 0.919 0.353 0.15952 0.2019 0.060875000000000005 -0.3664 0.9810999999999999 0.32315
28.18 0.6481999999999999 1.081 4.858956999999999 0.8933 0.15711 0.25222999999999995 0.10557 -0.7370000000000001 1.9249999999999998 0.19216 0.23106 0.09062500000000001 -0.28959999999999997 0.7739 0.14765
25.380000000000003 0.12459999999999993 0.835 1.9111569999999998 1.9745 0.14169 0.28079 0.13103 0.30100000000000016 -0.247 0.16096 0.18569999999999998 0.116125 0.10720000000000007 0.7823 0.34115
17.3 -0.5025999999999999 1.2690000000000001 4.043399 0.5635 0.14277 0.15703 0.13673000000000002 0.7450000000000001 0.2450000000000001 0.03664 0.22818 0.130875 0.7088000000000001 0.7543 0.19985000000000003
16.34 -0.30659999999999993 0.607 2.1273289999999996 0.3187 0.16143000000000002 0.13799 0.01855 -1.391 0.839 0.05632 0.13241999999999998 0.030375 -0.7184 0.7613 0.37445
18.5 -0.581 1.097 2.8937569999999995 1.6549 0.14613 0.15227000000000002 0.07061 0.49899999999999967 -0.877 0.06352 0.22565999999999997 0.059875000000000005 -0.5136000000000001 0.46729999999999994 0.48514999999999997
20.86 -0.6342 1.155 0.5846469999999999 0.44789999999999996 0.15507 0.29983 0.11317 0.21700000000000008 1.3850000000000002 0.2296 0.2037 0.068125 -0.24480000000000002 0.7417 0.40685
23.580000000000002 -0.5249999999999999 0.591 0.05404299999999999 1.0633 0.13515000000000002 0.15805 0.11013 -1.619 -0.4630000000000001 0.17776000000000003 0.17922 0.104625 0.38880000000000003 0.9349000000000001 0.45095
13.06 -0.4718 1.365 3.7486189999999997 0.7097 0.14943 0.29915 0.11583 -1.097 1.0490000000000004 0.24304 0.2883 0.132375 -0.7024 0.8607 0.36365000000000003
19.3 0.46619999999999995 0.535 1.7539409999999998 1.0497 0.16341 0.19511 0.05731 -0.611 1.9849999999999999 0.18736 0.29586 0.084125 -0.011199999999999988 0.5681 0.10985
16.02 0.14700000000000002 1.319 3.5914029999999992 1.8011 0.14589000000000002 0.13119 0.09797 -0.7729999999999999 -0.127 0.12928 0.1587 0.09162500000000001 -0.28 0.41409999999999997 0.26645
14.100000000000001 0.23099999999999998 0.583 2.9330609999999995 0.6722999999999999 0.16305 0.22367 0.10595 0.8470000000000004 -0.7869999999999999 0.15136 0.17778 0.113375 -0.4368 0.8816999999999999 0.27455
29.18 -0.18059999999999998 1.343 3.9058349999999997 1.3727 0.15495 0.26583 0.09759 -1.295 0.605 0.20032 0.26274 0.149875 0.3824000000000001 0.7346999999999999 0.46985000000000005
19.1 0.03500000000000003 1.2069999999999999 3.5815769999999993 0.8354999999999999 0.14763 0.26821 0.13901000000000002 -0.06499999999999995 -0.775 0.13552 0.16374 0.135875 0.40800000000000014 0.9866999999999999 0.49324999999999997
17.18 0.6901999999999999 1.167 2.697237 0.4615 0.13767000000000001 0.23420999999999997 0.09379 -0.683 -0.367 0.088 0.19182 0.059125000000000004 0.4944000000000002 0.5191 0.18725000000000003
12.06 0.5613999999999999 1.133 4.416786999999999 0.6485000000000001 0.14343 0.16451 0.11355 0.10899999999999999 -0.21099999999999997 0.02704 0.21989999999999998 0.027375000000000003 -0.6576000000000001 0.5694999999999999 0.45455
28.34 -0.3598 1.0670000000000002 2.3926309999999997 0.8083 0.13755 0.24441000000000002 0.07669 -0.119 -0.481 0.2128 0.27893999999999997 0.031875 0.008000000000000007 0.7668999999999999 0.43925
25.14 -0.2702 1.245 3.6700109999999997 1.3897 0.16239 0.27331 0.11659000000000001 0.007000000000000117 1.733 0.05056 0.21017999999999998 0.065625 -0.17120000000000002 0.5974999999999999 0.35195000000000004
19.02 -0.6145999999999999 0.921 2.009417 1.6753 0.14013 0.26378999999999997 0.05579 -1.043 1.8889999999999998 0.22576000000000002 0.23826 0.072875 0.20639999999999992 0.4085 0.11975000000000001
11.98 0.07420000000000004 1.409 2.4319349999999997 1.1041 0.16485 0.21483 0.06377000000000001 -0.7310000000000001 1.7149999999999999 0.07071999999999999 0.2001 0.027625 -0.043199999999999905 0.9306999999999999 0.18635000000000002
27.06 0.16100000000000003 1.4769999999999999 4.642785 1.3455 0.14001 0.21007 0.06871 0.06700000000000017 -0.571 0.09903999999999999 0.1389 0.074125 0.5232000000000001 0.5610999999999999 0.46355
11.26 -0.3962 0.735 2.382805 1.4645000000000001 0.13701000000000002 0.19375 0.03565 -0.7489999999999999 1.709 0.23584000000000002 0.23321999999999998 0.143125 0.3375999999999999 0.5652999999999999 0.13055
26.78 -0.23659999999999998 0.663 0.8696009999999998 1.8861 0.15969 0.15567 0.19867 -1.1389999999999998 -0.22299999999999998 0.15184 0.15798 0.12587500000000001 0.4848000000000001 0.7263 0.36815
26.34 0.2953999999999999 1.147 3.444013 0.8593 0.15687 0.20599 0.12190999999999999 -0.5449999999999999 0.4969999999999999 0.20176000000000002 0.25698 0.080625 -0.27359999999999995 0.4113 0.21425
26.060000000000002 0.4074 0.919 3.9942689999999996 1.9915 0.14919000000000002 0.14207 0.15725000000000003 0.19899999999999984 0.395 0.17488 0.19326 0.12087500000000001 0.3535999999999999 0.7095 0.21515
11.34 -0.4382 0.929 2.756193 1.8317 0.15297 0.25018999999999997 0.10253 0.23499999999999988 -0.07899999999999996 0.12736 0.17418 0.044375 0.2896000000000001 0.5765 0.18364999999999998
28.1 0.1442 1.109 2.1175029999999997 1.9813 0.14907 0.21857 0.16827 -0.629 1.3490000000000002 0.20656000000000002 0.13998 0.12662500000000002 0.44320000000000004 0.5597 0.37534999999999996
20.58 -0.46059999999999995 1.217 1.9406349999999999 1.1381 0.15765 0.25733 0.053130000000000004 -0.41900000000000004 -0.595 0.1528 0.29513999999999996 0.043875 0.08160000000000012 0.4099 0.47975
14.42 0.32899999999999996 0.8069999999999999 2.8348009999999992 1.7467 0.13959000000000002 0.17641 0.15687 -1.955 0.887 0.12352 0.2955 0.129875 0.36319999999999997 0.6366999999999999 0.28805000000000003
24.7 0.273 0.9410000000000001 3.414535 0.8014999999999999 0.15093 0.29506999999999994 0.07631 -1.091 -0.4750000000000001 0.1504 0.13205999999999998 0.072125 -0.48160000000000003 0.4029 0.36455000000000004
18.14 -0.6117999999999999 0.625 4.102354999999999 0.4173 0.14679 0.17437 0.08277 -0.6950000000000001 1.5229999999999997 0.17584000000000002 0.23898 0.083625 0.4528000000000001 0.9671000000000001 0.20705
21.54 -0.13579999999999992 0.787 4.800000999999999 1.9677 0.13677 0.16111 0.10785 -0.4129999999999998 0.10699999999999998 0.09999999999999999 0.13061999999999999 0.12837500000000002 -0.3408 0.5877 0.46265
17.42 0.4745999999999999 1.3090000000000002 2.0978509999999995 1.2435 0.15501 0.21211 0.18233000000000002 -1.355 -0.1449999999999999 0.0328 0.21558 0.048375 0.19999999999999996 0.8509 0.40145000000000003
17.740000000000002 0.40179999999999993 0.509 0.6042989999999999 1.5019 0.15195 0.17267 0.06187000000000001 0.18100000000000005 -0.0129999999999999 0.15328 0.20550000000000002 0.09462500000000001 -0.04959999999999998 0.8452999999999999 0.39965
29.94 -0.6314 0.737 2.6382809999999997 0.7369 0.14067000000000002 0.28929 0.09607 0.4870000000000001 0.5449999999999999 0.059680000000000004 0.26058000000000003 0.147625 0.5296000000000001 0.8032999999999999 0.33395
18.82 -0.3878 1.221 2.736541 0.6587 0.13587000000000002 0.21789 0.07744999999999999 0.001000000000000334 1.577 0.17968 0.17309999999999998 0.025375 -0.08479999999999999 0.9979 0.43115
25.94 0.11059999999999992 1.295 0.9580349999999999 1.0089000000000001 0.14007 0.21245 0.02425 0.9609999999999999 1.0430000000000001 0.19936 0.15366 0.046875 -0.472 0.5205 0.24664999999999998
10.38 0.3486 1.2850000000000001 3.856705 0.9204999999999999 0.16089 0.16995 0.08543 -1.571 -0.727 0.19744 0.29046 0.143875 0.22239999999999993 0.5792999999999999 0.21875
11.5 -0.11619999999999997 0.9530000000000001 3.1492329999999997 1.6481000000000001 0.14925000000000002 0.27432999999999996 0.14053000000000002 0.7510000000000003 1.8650000000000002 0.10143999999999999 0.29874 0.145625 -0.6608 0.7277 0.25745
19.259999999999998 -0.16659999999999997 0.917 2.2452409999999996 0.7029000000000001 0.13647 0.21143 0.14319 0.45100000000000007 1.4810000000000003 0.18352 0.24869999999999998 0.063625 0.5168000000000001 0.44630000000000003 0.28715
26.26 0.36539999999999995 1.0110000000000001 0.8597749999999998 0.47850000000000004 0.15111000000000002 0.26957 0.01361 -0.20300000000000007 0.18500000000000005 0.13840000000000002 0.1911 0.106875 -0.32160000000000005 0.3539 0.23405000000000004
19.22 0.609 0.553 4.456091 1.8759000000000001 0.14289000000000002 0.24781 0.13483 -1.859 -0.16299999999999992 0.041920000000000006 0.19757999999999998 0.11937500000000001 -0.6224000000000001 0.5261 0.31055
12.379999999999999 -0.6202 1.451 3.326101 1.9949 0.16395 0.24373 0.18689000000000003 0.42100000000000026 0.6230000000000002 0.22144 0.29657999999999995 0.10012499999999999 0.06880000000000008 0.6478999999999999 0.40775
27.54 0.5053999999999998 1.181 3.5127949999999992 1.7875 0.16365000000000002 0.29064999999999996 0.16143000000000002 -1.325 -0.379 0.07456 0.12846 0.135375 -0.4752 0.8886999999999998 0.10355
17.34 0.6818 0.615 0.37830099999999994 1.7228999999999999 0.15525 0.28453 0.14129000000000003 -0.2929999999999997 -0.33699999999999997 0.17824 0.14106 0.038125000000000006 -0.392 0.6353 0.45725
26.5 0.6118000000000001 1.165 0.997339 1.3489 0.13737000000000002 0.14071 0.12076999999999999 -1.583 1.5830000000000002 0.16624 0.12522 0.131875 -0.7088000000000001 0.5401 0.26285000000000003
23.26 -0.5166 1.2730000000000001 1.223337 1.4815 0.16437000000000002 0.23523 0.13293000000000002 -1.2109999999999999 1.0550000000000002 0.02608 0.27354 0.026875000000000003 -0.11680000000000001 0.4855 0.38705
24.299999999999997 -0.4886 0.933 1.5377689999999997 1.4611 0.15675 0.26311 0.12229 0.9969999999999999 0.44300000000000006 0.21231999999999998 0.13422 0.080375 0.7376 0.3077 0.35105000000000003
14.18 0.5278 0.729 2.176459 1.5189 0.14625000000000002 0.21822999999999998 0.05161 0.859 1.979 0.0688 0.19038 0.09512500000000002 0.792 0.4757 0.45005
29.9 0.17779999999999996 0.881 2.9527129999999997 0.5498999999999999 0.14949 0.21449000000000001 0.08923 -0.917 1.379 0.01504 0.24474 0.08887500000000001 -0.6928000000000001 0.5219 0.44015
28.900000000000002 -0.17779999999999996 1.161 3.434187 0.9783 0.15753 0.14751 0.18309000000000003 -0.08899999999999997 -0.355 0.19312 0.26993999999999996 0.040875 -0.376 0.4477 0.08195000000000001
22.1 0.05180000000000007 1.041 3.3457529999999998 1.3387 0.15957000000000002 0.29949 0.18423 -1.103 -0.757 0.2272 0.25842 0.085125 0.4720000000000002 0.48129999999999995 0.32134999999999997
29.020000000000003 0.0041999999999999815 1.323 3.7191409999999996 1.4509 0.15717 0.18763000000000002 0.14281000000000002 -1.907 -0.865 0.04048 0.26705999999999996 0.09012500000000001 -0.05599999999999994 0.3273 0.39065
21.1 0.24220000000000008 0.753 1.4689869999999998 1.5087 0.13533 0.17335 0.10443 -0.905 0.14300000000000002 0.22240000000000001 0.22098 0.042875 0.44640000000000013 0.7473 0.45545
26.580000000000002 -0.21979999999999994 0.721 1.8227229999999996 1.0565 0.15309 0.19273 0.06301000000000001 -0.863 0.32899999999999996 0.22192 0.14214 0.12362500000000001 0.7120000000000002 0.5863 0.13685000000000003
15.02 -0.41579999999999995 0.723 3.6307069999999997 1.2197 0.13761 0.24067 0.03603 -1.685 0.4849999999999999 0.19408 0.20262 0.09837499999999999 -0.7312000000000001 0.8747 0.07655
22.06 -0.1834 0.757 1.960287 1.6991 0.14787 0.25087 0.059590000000000004 -1.337 -0.259 0.11439999999999999 0.29766 0.053625000000000006 -0.08799999999999997 0.5625 0.06575
14.02 0.6426000000000001 0.891 4.632959 0.6825 0.13713 0.16519 0.17511000000000002 -1.541 -0.373 0.18016 0.19973999999999997 0.145875 -0.5168 0.5891 0.41135
29.14 -0.1694 1.203 2.657933 1.6719000000000002 0.16347 0.29813 0.11393 0.7210000000000001 -0.43300000000000005 0.24352 0.2721 0.037375000000000005 0.26080000000000014 0.7052999999999999 0.22505000000000003
14.78 -0.37939999999999996 1.209 2.618629 1.3625 0.13947 0.25189 0.049330000000000006 -0.137 -0.547 0.17104000000000003 0.2217 0.082125 -0.3792 0.5443 0.20795000000000002
25.5 -0.6706 0.785 3.365405 1.9473 0.14505 0.24305 0.05655 -1.451 -0.853 0.1648 0.24582 0.063375 0.264 0.6423 0.39515
15.46 -0.567 0.789 0.11299899999999999 1.7977 0.15441000000000002 0.17879 0.19563 -0.7909999999999999 -0.121 0.09952 0.2379 0.133125 -0.0816 0.7431 0.19805
20.34 -0.5082 1.445 0.7025589999999999 0.9884999999999999 0.14697000000000002 0.23285 0.034890000000000004 0.8109999999999999 0.857 0.13072 0.19613999999999998 0.139125 -0.6832 0.4939 0.12245
19.34 -0.13859999999999995 1.379 0.49621299999999996 1.1245 0.13545000000000001 0.17471 0.01437 -0.5329999999999999 -0.18699999999999994 0.02848 0.1893 0.10137499999999999 -0.3696 0.3483 0.38615
13.86 0.043399999999999994 0.841 4.878608999999999 1.5699 0.14853 0.26719000000000004 0.17815 0.27700000000000014 0.7849999999999999 0.20416 0.20478000000000002 0.133625 0.12639999999999996 0.7976999999999999 0.33485
24.34 0.25060000000000004 0.585 3.8763569999999996 1.5971 0.14895 0.16893 0.052750000000000005 0.4750000000000001 1.697 0.1936 0.19469999999999998 0.116375 -0.29280000000000006 0.3903 0.22235
23.740000000000002 0.14979999999999993 1.307 4.328353 1.9608999999999999 0.15423 0.16213 0.01589 0.391 0.0050000000000001155 0.15568 0.19506 0.129125 -0.5936 0.9531000000000001 0.17735
10.06 -0.287 1.237 1.0759469999999998 1.2809 0.13887000000000002 0.28351 0.07365 -0.5089999999999999 0.875 0.22432 0.26238 0.028125 0.3184 0.7683 0.21334999999999998
25.42 0.6202000000000001 0.871 1.331423 0.7743 0.15339 0.13561 0.01779 -0.911 1.1149999999999998 0.03712 0.20514 0.12437500000000001 -0.07519999999999993 0.5667 0.22415000000000002
26.42 0.3737999999999999 1.2309999999999999 1.5475949999999998 1.5223 0.13575 0.17301 0.19221000000000002 0.9249999999999998 -0.34299999999999997 0.06688 0.28614 0.111625 -0.2288 0.6003 0.30965
26.220000000000002 -0.4858 0.9630000000000001 2.461413 1.2401 0.15183000000000002 0.24815 0.11469 -1.427 -0.625 0.19024 0.13314 0.08612500000000001 0.3759999999999999 0.4407 0.29525
22.14 0.41579999999999995 1.2349999999999999 3.3948829999999997 1.2707000000000002 0.15567 0.18729 0.04401 -1.475 1.7930000000000001 0.16432 0.15833999999999998 0.110125 -0.19679999999999997 0.5821000000000001 0.14135000000000003
21.020000000000003 0.49139999999999984 0.657 1.7834189999999996 0.6076999999999999 0.16323000000000001 0.18899 0.06415 0.5110000000000001 1.109 0.23104000000000002 0.27714 0.042125 -0.2512 0.39449999999999996 0.25115
27.46 -0.40739999999999993 0.827 0.506039 1.1653 0.14307 0.27364999999999995 0.04705 -0.2330000000000001 0.2629999999999999 0.15088 0.1263 0.025125 0.31200000000000006 0.38889999999999997 0.16475
29.3 0.6594 1.369 3.896009 1.8487 0.14097 0.20768999999999999 0.10367 -0.581 0.2809999999999999 0.03328 0.2793 0.038625 -0.38880000000000003 0.6829000000000001 0.33845000000000003
15.899999999999999 0.595 1.413 4.436438999999999 0.7335 0.14709 0.17607 0.12456999999999999 -1.133 1.0010000000000003 0.16144 0.13133999999999998 0.114875 -0.32800000000000007 0.3469 0.38255
29.22 0.3206 1.127 3.817401 1.3421 0.14025 0.29337 0.18195000000000003 -1.751 0.383 0.19456 0.27822 0.141875 0.4496 0.8383 0.28985
28.380000000000003 -0.34859999999999997 1.0630000000000002 0.044217 0.6791 0.13917000000000002 0.22707 0.04363 -0.929 1.763 0.13648000000000002 0.1461 0.09987499999999999 -0.1519999999999999 0.5387 0.20255
10.82 -0.42979999999999996 0.667 3.8075749999999995 1.2027 0.16113 0.25597000000000003 0.10177 -0.2570000000000001 -0.41500000000000004 0.16576000000000002 0.18102000000000001 0.053125000000000006 -0.5872 0.7725 0.39695
12.7 -0.6566 1.4809999999999999 1.7048109999999999 1.9711 0.15279 0.28419 0.02007 -1.421 -0.8109999999999999 0.19984000000000002 0.21161999999999997 0.034375 0.6320000000000001 0.3217 0.19715
22.62 -0.5054 1.229 4.515047 1.0973 0.14901 0.28045 0.05085 -0.16100000000000003 1.6550000000000002 0.03376 0.2919 0.141375 -0.2672 0.6269 0.11885
20.22 0.6033999999999999 1.417 0.22108499999999998 1.7433 0.16011 0.24339 0.14509 0.2589999999999999 -0.895 0.0832 0.27174 0.036125000000000004 -0.44320000000000004 0.3595 0.23225
21.7 -0.609 0.761 2.4024569999999996 0.4207 0.15063000000000001 0.27501 0.08771 -0.9769999999999999 1.6669999999999998 0.08896 0.25373999999999997 0.073125 -0.6992 0.7333 0.47075
24.740000000000002 -0.6678 0.7070000000000001 2.8642789999999994 0.8899000000000001 0.14631 0.18151 0.10328999999999999 0.4450000000000003 -0.889 0.06064 0.25914 0.066375 0.5680000000000001 0.47429999999999994 0.21785
22.86 0.02939999999999998 1.421 3.9549649999999996 0.5974999999999999 0.14619000000000001 0.29642999999999997 0.10709 0.5229999999999997 1.517 0.016 0.28146 0.05437500000000001 -0.3824 0.5555 0.18995
26.86 -0.4942 1.0750000000000002 1.8128969999999998 1.0394999999999999 0.16299000000000002 0.26039 0.14813 -0.131 1.085 0.22528 0.2091 0.142875 0.06240000000000001 0.8411 0.27365
14.5 0.6398000000000001 1.2229999999999999 0.47656099999999996 1.5155 0.13749 0.25529 0.10899 0.03699999999999992 0.14900000000000002 0.16384 0.15474 0.10037499999999999 0.5008000000000001 0.30069999999999997 0.09545000000000001
17.38 -0.5866 0.895 0.15230299999999997 1.3829 0.13809000000000002 0.25869 0.05541 -0.14300000000000002 1.7810000000000001 0.02416 0.24042 0.103125 -0.7344 0.4253 0.44735
17.1 -0.5277999999999999 1.251 3.0509729999999995 1.2333 0.13995000000000002 0.19307 0.14585 -1.349 1.1030000000000002 0.22288 0.14142 0.084875 -0.25439999999999996 0.4421 0.27725
24.42 -0.17220000000000002 1.353 2.7168889999999997 0.3731 0.15177000000000002 0.21993000000000001 0.10822999999999999 0.379 1.991 0.12256 0.16662 0.060375000000000005 0.3024 0.9195 0.48965
10.94 0.2702000000000001 0.8009999999999999 3.0411469999999996 1.7127000000000001 0.15867 0.17063 0.09911 0.04300000000000015 0.9770000000000001 0.07408 0.28218 0.109625 -0.31520000000000004 0.43789999999999996 0.38525
18.619999999999997 0.46899999999999986 1.397 1.2528149999999998 0.7437 0.14193 0.16961 0.10404999999999999 0.6310000000000002 1.217 0.04672 0.23177999999999999 0.049375 -0.5616000000000001 0.9293 0.44105
15.98 -0.38499999999999995 0.747 0.515865 1.1857 0.16269 0.23047 0.047810000000000005 -1.073 0.40700000000000003 0.20512000000000002 0.16158 0.12512500000000001 -0.344 0.7557 0.16925
22.18 -0.02939999999999998 1.339 4.898261 1.5461 0.15051 0.14921 0.16523000000000002 -0.665 1.2530000000000001 0.17296 0.2505 0.104125 0.17759999999999998 0.49670000000000003 0.15845
21.939999999999998 0.15259999999999996 1.137 1.6851589999999999 1.9575 0.14493 0.20055 0.15649000000000002 0.5289999999999999 0.4790000000000001 0.08463999999999999 0.19685999999999998 0.147875 0.7504 0.3203 0.32765
26.18 0.399 0.867 2.6775849999999997 0.6009 0.16155 0.24270999999999998 0.026529999999999998 0.40900000000000025 1.661 0.18304 0.12702 0.145125 -0.10719999999999996 0.4715 0.07385
29.1 -0.5641999999999999 1.129 3.4931429999999994 0.33909999999999996 0.14781 0.21755 0.04249000000000001 -0.821 0.6710000000000003 0.0424 0.1533 0.08787500000000001 -0.0464 0.8116999999999999 0.39155
28.98 -0.23939999999999995 0.983 2.815149 1.5665 0.16053 0.19103 0.04439 0.5590000000000002 0.629 0.13024 0.14538 0.139375 -0.44 0.5009 0.41315
14.98 0.3822000000000001 0.551 1.8718529999999998 0.7913000000000001 0.16101000000000001 0.20905 0.16637000000000002 -0.125 -0.721 0.20992 0.12558 0.09287500000000001 0.5456000000000001 0.8243 0.09815
23.5 -0.04619999999999991 1.311 0.6239509999999999 0.7505 0.14673 0.28793 0.13255 0.3490000000000002 1.4570000000000003 0.24688 0.18209999999999998 0.10112499999999999 0.18720000000000003 0.6703 0.06395
17.5 0.357 0.633 2.6284549999999998 1.7739 0.13845000000000002 0.14343 0.19753 0.31300000000000017 0.5150000000000001 0.18112 0.19146 0.09037500000000001 -0.7888000000000001 0.7304999999999999 0.48695
12.98 0.36260000000000003 0.719 3.9451389999999997 0.9102999999999999 0.14757 0.15397 0.09036999999999999 -0.45500000000000007 1.0730000000000004 0.02272 0.13962 0.065875 -0.036799999999999944 0.9923 0.19085000000000002
11.78 0.1050000000000001 0.9430000000000001 3.4243609999999998 0.3901 0.16431 0.22673 0.16751000000000002 -1.049 -0.1329999999999999 0.23440000000000003 0.29622 0.052375000000000005 -0.4656 0.7990999999999999 0.09365000000000001
26.540000000000003 -0.026600000000000068 1.0070000000000001 1.2331629999999998 1.6787 0.15381 0.19477 0.18803000000000003 0.5049999999999999 1.7030000000000003 0.044800000000000006 0.25734 0.051875000000000004 0.14239999999999997 0.6871 0.48605
18.42 0.2086 1.117 2.775845 1.2775 0.14205 0.16179 0.07213 -0.5270000000000001 -0.20499999999999996 0.08031999999999999 0.27749999999999997 0.033625 -0.36 0.34409999999999996 0.48245
25.98 0.20020000000000004 1.347 1.5279429999999998 0.9817 0.14571 0.25665 0.041350000000000005 0.9009999999999998 0.869 0.08703999999999999 0.16806 0.11812500000000001 -0.5232 0.5121 0.28355
19.42 0.5249999999999999 0.859 4.564177 0.7403 0.14595 0.18355 0.036410000000000005 -0.4969999999999999 1.241 0.12448 0.15654 0.042375 -0.744 0.7403 0.18455
25.259999999999998 0.2842000000000001 1.163 1.8915049999999998 0.8049 0.15921000000000002 0.14275000000000002 0.01019 0.22299999999999986 -0.901 0.1216 0.28578000000000003 0.059375000000000004 0.036800000000000055 0.8634999999999999 0.27005
27.94 0.623 1.371 1.351075 1.5767 0.14271 0.28317000000000003 0.09721 0.4330000000000003 -0.8049999999999999 0.0904 0.1965 0.144375 -0.29600000000000004 0.42669999999999997 0.17825000000000002
17.62 -0.5977999999999999 1.179 2.9723649999999995 0.4547 0.13893 0.15125 0.16903 -1.2650000000000001 0.5030000000000001 0.22336 0.18641999999999997 0.12212500000000001 -0.14879999999999993 0.8256999999999999 0.28175
28.46 0.08260000000000012 0.685 4.180962999999999 1.5733 0.15159 0.14173 0.19601000000000002 -1.307 -0.28300000000000003 0.09856 0.2415 0.112375 0.040000000000000036 0.8733 0.20435000000000003
27.02 -0.6005999999999999 1.2570000000000001 0.034391 0.6247 0.14427 0.29881 0.18005000000000002 -1.001 1.037 0.20128000000000001 0.27462 0.09137500000000001 -0.424 0.7655 0.062150000000000004
16.38 0.5222 1.033 4.013921 1.1891 0.13719 0.28895000000000004 0.15041000000000002 -1.505 1.169 0.21856 0.23249999999999998 0.064375 0.4880000000000002 0.43089999999999995 0.33035
16.54 -0.2926 1.087 1.7735929999999998 0.32889999999999997 0.15549000000000002 0.25427 0.08315 0.2829999999999999 -0.07299999999999995 0.07744 0.22926 0.067375 0.11040000000000005 0.3455 0.12605
16.62 0.30379999999999985 1.387 4.770522999999999 1.8113000000000001 0.15117 0.15737 0.06909 0.0129999999999999 -0.589 0.01024 0.14898 0.035125 -0.32480000000000003 0.7039 0.46175
22.46 -0.5389999999999999 1.187 4.6034809999999995 0.6145 0.16179000000000002 0.20157 0.18727000000000002 0.7149999999999999 -0.541 0.23488 0.13818 0.08712500000000001 0.35040000000000004 0.5989 0.11615
23.78 -0.5194 0.905 3.2671449999999997 1.4747000000000001 0.14433 0.17369 0.15801 -0.659 -0.691 0.2248 0.22242 0.077375 -0.7408 0.5541 0.48874999999999996
13.940000000000001 -0.2646 0.639 4.662437 0.6043 0.15669 0.19783 0.14091 -0.677 0.2270000000000001 0.12592 0.1677 0.102375 0.6384000000000001 0.6815 0.40325
24.259999999999998 -0.39339999999999997 0.7949999999999999 0.6337769999999999 0.7164999999999999 0.14799 0.21313 0.10063 0.649 -0.493 0.0232 0.28181999999999996 0.038875 0.04960000000000009 0.6325000000000001 0.40595000000000003
15.06 0.23660000000000003 0.755 0.967861 0.5839 0.16317 0.18287 0.13749000000000003 -0.14900000000000002 1.8470000000000004 0.21136 0.12882 0.09412500000000001 0.02400000000000002 0.7515 0.29795000000000005
20.1 -0.2898 1.495 4.554351 1.6243 0.14775000000000002 0.22503 0.16789 0.9550000000000001 1.307 0.19648000000000002 0.22026 0.09337500000000001 0.6192 0.5709 0.28895000000000004
29.86 -0.25339999999999996 0.813 3.5324469999999994 1.8725 0.15153 0.28113 0.15003 -0.9889999999999999 1.181 0.24976 0.14862 0.050375 0.23839999999999995 0.8229 0.08015
10.3 -0.018199999999999994 1.173 0.417605 0.5261 0.14367000000000002 0.17709 0.14471 -0.869 -0.619 0.04528 0.19829999999999998 0.085625 -0.45280000000000004 0.47009999999999996 0.15035
26.939999999999998 -0.4018 1.4609999999999999 2.1961109999999997 0.48529999999999995 0.15879000000000001 0.15261 0.08961 -1.631 1.475 0.15616 0.15258 0.074625 -0.5552 0.5485 0.37265
19.14 0.5193999999999999 1.433 0.358649 0.3833 0.13503 0.27195 0.02805 -1.565 -0.006999999999999895 0.12015999999999999 0.12161999999999999 0.058125 -0.17759999999999998 0.4603 0.42845
26.380000000000003 0.5389999999999999 1.0590000000000002 1.410031 0.9749000000000001 0.14301 0.22401 0.19981000000000002 -1.319 1.1869999999999998 0.076 0.15006 0.061625 0.45920000000000005 0.9908999999999999 0.41765
28.02 -0.0826 1.191 0.781167 0.8865000000000001 0.15057 0.19035 0.17739000000000002 -1.967 0.119 0.23344 0.21882000000000001 0.140875 -0.05279999999999996 0.5345 0.11255000000000001
23.62 0.6678 0.925 4.190789 0.4105 0.13539 0.26651 0.020450000000000003 -1.997 1.1629999999999998 0.043840000000000004 0.18786 0.048875 0.6512 0.3315 0.31325
22.94 -0.22819999999999996 1.2149999999999999 4.583829 0.7573000000000001 0.14961000000000002 0.29473 0.16941 -1.121 0.6890000000000001 0.16240000000000002 0.24006 0.078375 0.6096000000000001 0.9251 0.29435
13.58 -0.6537999999999999 0.889 0.7320369999999998 1.1959 0.15843000000000002 0.23489 0.11507 -0.44899999999999984 -0.15699999999999992 0.20704000000000003 0.2163 0.076875 -0.3088 0.7865 0.42125
23.14 0.4354 1.121 1.6458549999999998 1.5359 0.15585000000000002 0.25393 0.04325 0.07900000000000018 0.2330000000000001 0.07216 0.23754 0.075875 -0.5904 0.6156999999999999 0.32675
13.780000000000001 0.28979999999999995 1.467 2.579325 1.0701 0.15909 0.23353 0.18537 0.5529999999999999 0.905 0.10624 0.23537999999999998 0.06912499999999999 0.02080000000000004 0.3707 0.42305000000000004
11.18 0.42700000000000005 0.9690000000000001 0.830297 0.8796999999999999 0.15735000000000002 0.19715 0.04059 -0.575 1.835 0.16 0.12378 0.149625 0.33119999999999994 0.3161 0.37895
20.3 0.39060000000000006 1.185 1.380553 1.7773 0.15945 0.14377 0.16409 -0.19100000000000006 0.05899999999999994 0.19888 0.18066 0.138875 0.01760000000000006 0.5849 0.43385
16.7 0.34020000000000006 1.111 1.282293 0.45809999999999995 0.16203 0.19545 0.04857 -0.09499999999999997 -0.40900000000000003 0.1408 0.15186 0.031375 0.5136000000000001 0.47709999999999997 0.44645
25.3 -0.45499999999999996 0.523 3.974617 0.9442999999999999 0.15519 0.26073 0.14205 -1.589 -0.10899999999999999 0.17248000000000002 0.27425999999999995 0.12487500000000001 0.7984 0.7248999999999999 0.06665
21.22 0.21420000000000006 0.749 1.5181169999999997 1.3523 0.16251000000000002 0.19171 0.14927 0.09100000000000019 0.06499999999999995 0.0352 0.23718 0.058875000000000004 0.6576000000000002 0.8621000000000001 0.40415
16.259999999999998 0.1694 1.4729999999999999 4.888434999999999 1.5937000000000001 0.14199 0.24542999999999998 0.02919 0.7090000000000001 -0.673 0.23920000000000002 0.1353 0.09387500000000001 0.12319999999999998 0.5359 0.40865
16.46 -0.4997999999999999 0.923 4.701741 0.3799 0.14883000000000002 0.26515 0.14889 -0.19700000000000006 -0.33099999999999996 0.10239999999999999 0.25661999999999996 0.133375 -0.552 0.3063 0.18005000000000004
29.419999999999998 -0.119 1.279 2.5891509999999998 1.6039 0.16083 0.23115 0.11241 -1.649 0.7250000000000001 0.12495999999999999 0.24689999999999998 0.106625 -0.6672 0.49529999999999996 0.08465
15.540000000000001 -0.07140000000000002 0.815 3.9254869999999995 0.5226999999999999 0.15069000000000002 0.22197 0.15193 0.14500000000000002 0.22100000000000009 0.01216 0.18353999999999998 0.09612500000000002 -0.1904 0.8047 0.29975
13.14 0.27580000000000005 1.0190000000000001 0.181781 1.8657000000000001 0.13785 0.24747000000000002 0.15953 -0.9529999999999998 -0.385 0.0544 0.16014 0.040375 0.0016000000000000458 0.4323 0.12695
20.46 0.4466000000000001 1.479 4.0827029999999995 0.5159 0.15657000000000001 0.29133 0.02083 0.7330000000000001 0.02300000000000013 0.16816 0.13494 0.133875 -0.6704 0.7291 0.28085
22.38 -0.47739999999999994 0.6910000000000001 2.9232349999999996 1.0905 0.15825 0.15057 0.07706999999999999 -1.877 0.7669999999999999 0.21184 0.20334 0.081875 -0.1744 0.6296999999999999 0.43745
10.46 -0.05740000000000001 0.507 2.785671 1.5529 0.15837 0.25766999999999995 0.11962999999999999 0.17499999999999982 0.7729999999999999 0.03808 0.12918 0.062875 0.6224000000000001 0.6787 0.41405000000000003
17.22 0.6286 0.669 4.613307 1.7161 0.13527 0.20531 0.07023 -1.055 0.7369999999999999 0.0784 0.22133999999999998 0.137875 -0.14239999999999997 0.3861 0.49505
25.86 0.665 0.531 3.8272269999999997 1.2367000000000001 0.16383 0.15499 0.09151 0.1030000000000002 0.32299999999999995 0.24592 0.26922 0.09362500000000001 -0.13279999999999992 0.7948999999999999 0.27095
22.78 0.48019999999999996 0.781 3.2769709999999996 0.3323 0.13839 0.20259 0.03071 -0.2809999999999997 -0.961 0.232 0.19218000000000002 0.131125 0.776 0.6647 0.27995000000000003
28.54 0.245 0.817 1.2724669999999998 1.8555000000000001 0.14061 0.21109 0.048190000000000004 -0.02299999999999991 -0.21699999999999997 0.16048 0.26634 0.09637500000000002 0.5968 0.6689 0.49865
13.54 -0.2981999999999999 0.571 4.465916999999999 1.9541 0.16131 0.18525 0.18347000000000002 0.5409999999999999 -0.1509999999999999 0.07504 0.20118 0.030875 0.7248000000000001 0.4799 0.49145
17.94 -0.6454 0.857 2.795497 1.7025000000000001 0.13827 0.14037 0.17207 -0.44300000000000006 1.193 0.21904 0.13097999999999999 0.139875 0.3088000000000002 0.8971 0.13955
14.379999999999999 0.6930000000000001 0.7969999999999999 4.691915 1.6073 0.15213000000000002 0.16315000000000002 0.049710000000000004 0.9670000000000001 0.377 0.04768 0.13566 0.102125 -0.31200000000000006 0.9111 0.30785
20.380000000000003 0.37660000000000005 0.831 4.780348999999999 1.3931 0.13791 0.23693 0.09835 -0.3169999999999997 0.677 0.12832 0.22746 0.071125 0.5616000000000001 0.8005 0.35465
29.54 0.22820000000000007 0.9450000000000001 1.7441149999999996 1.4237 0.14643 0.15159 0.12723 -0.33499999999999996 -0.0009999999999998899 0.06448 0.21522 0.031625 0.6768000000000001 0.4043 0.13865
12.3 -0.3458 0.909 0.280041 0.9238999999999999 0.16245 0.24883 0.14357000000000003 -1.943 0.17300000000000004 0.1456 0.20765999999999998 0.041875 0.1744 0.9153 0.49955
26.74 0.5362 0.741 2.215763 1.1993 0.16059 0.18967 0.17625000000000002 -1.553 1.7389999999999999 0.03472 0.1479 0.111125 0.05600000000000005 0.37629999999999997 0.46715
23.02 -0.6649999999999999 1.017 0.6829069999999999 1.6889 0.14973 0.21550999999999998 0.04591 -0.7070000000000001 -0.859 0.07552 0.15546 0.035375000000000004 -0.07199999999999995 0.7641 0.12425000000000001
22.740000000000002 0.13579999999999992 1.2189999999999999 3.1295809999999995 0.3629 0.15033000000000002 0.24849 0.03337 -1.373 0.827 0.11824 0.28074 0.066125 0.40480000000000005 0.9950999999999999 0.42215
21.58 -0.41019999999999995 1.271 4.790175 1.4475 0.15207 0.16247 0.08011 -1.961 1.403 0.10912 0.22421999999999997 0.068375 0.42080000000000006 0.9419 0.34205
29.98 -0.42139999999999994 0.627 3.5619249999999996 1.9506999999999999 0.16137 0.21585 0.14015000000000002 -0.893 -0.613 0.10864 0.27966 0.072375 -0.6352 0.8775 0.36545000000000005
23.82 0.37939999999999996 1.359 4.908086999999999 1.0837 0.16221000000000002 0.25937 0.11279 0.18699999999999983 -0.751 0.12688 0.29118 0.110875 0.6448 0.5135 0.19265
26.9 -0.22259999999999996 1.0550000000000002 0.6730809999999999 1.4543000000000001 0.13641 0.20361 0.12799 -1.745 1.553 0.12064 0.24258000000000002 0.103875 0.2704 0.4505 0.29705000000000004
17.54 -0.6062 1.175 0.28986699999999993 1.4203000000000001 0.15243 0.24917 0.07517 0.9430000000000001 -0.4690000000000001 0.1552 0.23358 0.050875000000000004 -0.6288 0.5079 0.43474999999999997
24.54 -0.04059999999999997 0.979 1.419857 0.9579 0.14073000000000002 0.21278999999999998 0.09683 -0.605 -0.403 0.0664 0.22709999999999997 0.054125000000000006 0.2512000000000001 0.8844999999999998 0.14225000000000002
26.62 -0.3121999999999999 0.593 2.019243 0.8321000000000001 0.16329000000000002 0.28691 0.09303 0.1509999999999998 1.0190000000000001 0.13312 0.26886 0.044125 0.2832000000000001 0.5051 0.46895000000000003
27.22 0.12739999999999996 1.403 0.987513 0.9340999999999999 0.13611 0.26549 0.11127000000000001 -1.205 -0.733 0.03136 0.27678 0.09187500000000001 -0.6000000000000001 0.7388999999999999 0.26105
19.78 0.5586 1.2810000000000001 0.800819 1.1415 0.15531 0.14309 0.14167000000000002 -1.289 -0.565 0.17536000000000002 0.20873999999999998 0.106375 0.7727999999999999 0.8172999999999999 0.15305000000000002
25.66 0.40460000000000007 0.661 3.1099289999999997 0.34249999999999997 0.15819 0.22299000000000002 0.18119000000000002 -0.857 1.121 0.2104 0.25229999999999997 0.077125 0.5711999999999999 0.5779 0.29255000000000003
29.38 0.12179999999999991 1.025 1.1742069999999998 1.4407 0.13815 0.13323000000000002 0.16333000000000003 -1.733 1.589 0.0616 0.20982 0.057375 0.29920000000000013 0.6185 0.12515
16.3 0.14139999999999997 0.589 1.8522009999999998 0.5023 0.13623000000000002 0.24577 0.06947 -0.9709999999999999 1.8230000000000004 0.19264 0.14682 0.105375 -0.616 0.8900999999999999 0.23135
26.98 -0.5698 1.491 0.5944729999999999 0.6349 0.13773000000000002 0.16757 0.16561000000000003 -0.569 -0.44500000000000006 0.21808 0.19901999999999997 0.138375 0.033600000000000074 0.3427 0.34835
17.78 -0.6033999999999999 0.995 4.593655 1.9643 0.13929 0.19341 0.17587 0.6070000000000002 -0.739 0.07264 0.27102 0.116875 0.0464 0.5036999999999999 0.35015
19.66 -0.2086 1.315 1.9504609999999998 1.3965 0.14793 0.29405 0.16029000000000002 -1.109 -0.985 0.14512000000000003 0.17381999999999997 0.073625 -0.2320000000000001 0.9446999999999999 0.24395
21.18 0.032200000000000006 0.981 3.6110549999999995 0.6451 0.15237 0.17097 0.05237 -0.29899999999999993 1.5350000000000001 0.19696 0.28686 0.078625 -0.504 0.6227 0.44465
12.5 -0.08819999999999995 1.2469999999999999 4.377483 1.9235000000000002 0.14601 0.19579000000000002 0.022350000000000002 0.025000000000000355 1.2229999999999999 0.15856 0.21486 0.071875 -0.6736 0.9460999999999999 0.12965
10.66 0.05740000000000001 1.0310000000000001 2.3140229999999997 0.7709 0.16479 0.23251 0.08238999999999999 -1.679 0.029000000000000137 0.11008 0.2127 0.12137500000000001 0.5040000000000002 0.9824999999999999 0.26555
20.14 0.018199999999999994 0.665 3.3850569999999998 1.0021 0.15465 0.21721000000000001 0.03299 0.6790000000000003 -0.523 0.11103999999999999 0.12125999999999999 0.080125 0.2096 0.5512999999999999 0.45905
14.82 0.09940000000000004 1.105 1.0268169999999999 0.3221 0.15483000000000002 0.19408999999999998 0.01209 -0.35299999999999976 1.5590000000000002 0.13936 0.2343 0.107625 0.14879999999999993 0.5106999999999999 0.38075
26.02 -0.12459999999999993 0.587 3.0018429999999996 1.4373 0.14145000000000002 0.25800999999999996 0.13711 0.613 1.3970000000000002 0.22096 0.1335 0.040125 -0.18399999999999994 0.5723 0.06305
24.1 -0.023800000000000043 1.331 0.083521 1.7603 0.16443000000000002 0.21653 0.19905 0.8410000000000002 1.7990000000000004 0.13504000000000002 0.17886 0.071375 0.25760000000000005 0.8551 0.34745000000000004
23.34 -0.34299999999999997 1.021 2.1568069999999997 1.4713 0.16497 0.28385 0.07403 -0.383 0.2749999999999999 0.046239999999999996 0.29945999999999995 0.068625 0.7696000000000001 0.46309999999999996 0.28535
10.5 -0.0013999999999999568 1.449 0.7418629999999998 0.8763000000000001 0.14667000000000002 0.19647 0.044770000000000004 -1.397 0.6350000000000002 0.18688 0.2811 0.039625 -0.792 0.7361 0.17555000000000004
22.98 0.6174 1.255 1.360901 1.0531 0.16407 0.28861000000000003 0.11545000000000001 -1.343 1.4450000000000003 0.14128000000000002 0.28434000000000004 0.08662500000000001 -0.35359999999999997 0.5093 0.38165
22.22 0.4773999999999998 0.853 4.741044999999999 1.1823 0.13989000000000001 0.14105 0.12837 -0.010999999999999899 1.4210000000000003 0.03616 0.29081999999999997 0.049625 -0.5264 0.7571 0.33215
26.82 -0.5446 0.9590000000000001 0.36847499999999994 1.1619 0.15477000000000002 0.24101 0.05199 -1.775 0.7309999999999999 0.2368 0.12954 0.144125 -0.2128 0.7151 0.22055000000000002
12.34 -0.32899999999999996 0.863 4.711567 0.6416999999999999 0.15267 0.28997 0.06035000000000001 -0.9470000000000001 -0.7809999999999999 0.21087999999999998 0.24330000000000002 0.064875 -0.5327999999999999 0.41269999999999996 0.22775
23.94 0.6874 1.061 0.44708299999999995 1.0327 0.14565 0.27875 0.08657 -0.7609999999999999 -0.505 0.09184 0.26561999999999997 0.109125 0.6160000000000001 0.9475 0.40235
12.42 -0.22539999999999993 0.617 0.9285569999999999 1.4441000000000002 0.15741 0.13833 0.12494999999999999 -0.9829999999999999 0.569 0.2464 0.27281999999999995 0.12037500000000001 0.09440000000000004 0.9684999999999999 0.38795
25.9 0.007000000000000006 1.073 1.016991 1.0225 0.14577 0.13289 0.07479 -0.004999999999999893 0.44899999999999984 0.16864 0.22962 0.143375 -0.7248 0.8438999999999999 0.35825
17.9 0.679 0.613 4.279222999999999 0.6620999999999999 0.14151 0.22435 0.17435 -1.823 0.9650000000000001 0.22816 0.14357999999999999 0.07012499999999999 -0.18079999999999996 0.9615 0.05495
20.94 -0.5502 0.547 1.154555 1.7297 0.15123 0.22910999999999998 0.09530999999999999 -0.641 1.0670000000000002 0.24544 0.22206 0.129625 -0.09119999999999995 0.3399 0.15125
21.82 0.2562000000000001 1.283 3.0804509999999996 0.6553 0.15543 0.22333 0.07251 -0.5390000000000001 1.3010000000000002 0.2176 0.25482 0.105625 -0.7984 0.6885 0.16565000000000002
11.06 -0.3626 0.631 4.819652999999999 1.8623 0.15255000000000002 0.18695 0.10518999999999999 -1.361 -0.655 0.16720000000000002 0.24833999999999998 0.06937499999999999 0.014399999999999968 0.3959 0.30875
17.259999999999998 -0.41859999999999997 1.099 0.20143299999999997 1.0157 0.14313 0.18491 0.12951000000000001 -1.301 1.4930000000000003 0.01312 0.28542 0.12862500000000002 0.6704000000000001 0.44489999999999996 0.07565000000000001
12.26 -0.4522 1.459 1.8620269999999999 0.3255 0.14859 0.26787 0.13027 -1.115 0.29899999999999993 0.17008 0.19290000000000002 0.029875000000000002 -0.6128 0.3175 0.32585
10.58 0.5922000000000001 0.527 1.596725 0.3765 0.16491 0.19919 0.11203 -1.577 -0.6849999999999999 0.1288 0.23465999999999998 0.134625 0.7888 0.5163 0.07115
29.7 0.2198 1.499 1.694985 1.3693 0.13725 0.22129 0.15877000000000002 -0.040999999999999925 -0.271 0.08367999999999999 0.13458 0.115875 -0.7792 0.3609 0.09455000000000001
13.5 -0.16379999999999995 0.7010000000000001 0.5748209999999999 1.2843 0.15993000000000002 0.24645 0.17549 -1.1749999999999998 1.8530000000000002 0.12544 0.25949999999999995 0.046125 -0.027200000000000002 0.36929999999999996 0.40055
27.66 -0.19179999999999997 1.427 2.0880249999999996 1.1551 0.15813000000000002 0.15329 0.17283 0.5949999999999998 1.2109999999999999 0.16288 0.29334 0.140625 0.27360000000000007 0.3805 0.21155000000000002
25.02 0.30099999999999993 0.569 4.210440999999999 1.2571 0.15789 0.14683000000000002 0.19145000000000004 -1.127 1.721 0.1336 0.27137999999999995 0.061375 0.6800000000000002 0.6660999999999999 0.39425
27.58 0.3066 1.2389999999999999 3.935313 1.5291 0.14817 0.14853 0.057690000000000005 -0.11299999999999999 0.5329999999999999 0.16768000000000002 0.18606 0.12337500000000001 0.6928000000000001 0.9881 0.31684999999999997
11.86 0.11339999999999995 0.9510000000000001 3.964791 1.0735 0.16149000000000002 0.21619 0.18613000000000002 -1.637 0.365 0.11775999999999999 0.23934 0.104375 -0.4016 0.5807 0.42755
12.66 0.3373999999999999 1.361 4.721392999999999 1.8895000000000002 0.15357 0.15839 0.01817 -1.5590000000000002 1.685 0.10575999999999999 0.13746 0.046375 0.043200000000000016 0.8369 0.46535000000000004
24.46 -0.3318 1.337 1.400205 1.4339000000000002 0.14721 0.19851000000000002 0.03375 0.8889999999999998 1.895 0.18784 0.25626 0.12637500000000002 -0.20640000000000003 0.8214999999999999 0.23315000000000002
13.7 0.45500000000000007 1.197 3.473490999999999 1.5869 0.14181000000000002 0.26991 0.05351 -0.4009999999999998 0.7070000000000003 0.13264 0.28866 0.045875 0.18079999999999996 0.5288999999999999 0.20075000000000004
20.82 -0.3822 0.563 2.2354149999999997 1.9371 0.13779 0.27569 0.08087 -1.595 1.0970000000000004 0.14704000000000003 0.29982 0.105875 -0.33759999999999996 0.6213 0.24035
10.86 0.46340000000000003 1.349 0.19160699999999997 0.8966999999999998 0.13689 0.27807 0.060730000000000006 -1.025 -0.09099999999999997 0.17200000000000001 0.2451 0.05462500000000001 -0.40800000000000003 0.7697 0.07835
24.5 -0.06019999999999992 0.763 1.4395089999999997 1.8351 0.15489 0.26107 0.19943000000000002 0.03100000000000014 0.45500000000000007 0.20272 0.18678 0.12062500000000001 0.4656 0.6507 0.07925
14.06 0.22540000000000004 0.997 1.1643809999999999 1.1075 0.15933 0.27297 0.12609 0.6970000000000001 -0.4570000000000001 0.17872000000000002 0.19362000000000001 0.134875 0.05280000000000007 0.3329 0.13325
16.58 0.5025999999999999 0.567 1.115251 0.3459 0.14385 0.27263 0.023870000000000002 0.133 0.7190000000000003 0.10336 0.1371 0.110375 -0.7856000000000001 0.7711 0.21065
24.82 -0.39059999999999995 0.637 0.260389 1.2163 0.16041 0.13731000000000002 0.09873 0.5350000000000001 0.03500000000000014 0.15376 0.23502 0.12612500000000001 -0.41440000000000005 0.5639 0.20165
24.78 -0.15259999999999996 1.4889999999999999 0.712385 0.5771 0.14259 0.19680999999999998 0.09417 0.9849999999999999 -0.265 0.18544 0.18894 0.070625 0.7056000000000002 0.8130999999999999 0.31415
21.42 -0.2786 1.029 3.8468789999999995 1.8419 0.16335 0.26243 0.07555 -0.827 0.7489999999999999 0.20896 0.25338 0.109875 0.536 0.9209 0.34925
26.7 -0.007000000000000006 1.4649999999999999 2.9625389999999996 1.6923000000000001 0.14457 0.20939000000000002 0.09226999999999999 0.8710000000000004 1.601 0.24159999999999998 0.28002 0.034625 0.6256000000000002 0.3791 0.15215
18.939999999999998 0.6006 0.513 4.063051 0.4071 0.16161 0.13357 0.03679 -1.517 1.3610000000000002 0.0184 0.14286 0.10087499999999999 -0.12640000000000007 0.31329999999999997 0.29075
21.74 -0.19740000000000002 1.341 3.5029689999999993 1.2265 0.15249000000000001 0.21075 0.02273 -0.9589999999999999 1.0070000000000001 0.12639999999999998 0.13926 0.111375 -0.456 0.4435 0.35285
14.3 0.19740000000000002 0.687 3.7387929999999994 0.8627 0.15303 0.17743 0.13977000000000003 -0.671 0.581 0.24736 0.21306 0.030625 0.7664 0.3035 0.052250000000000005
15.3 -0.0686 1.303 1.636029 1.2061 0.15027000000000001 0.15907 0.11165 0.8530000000000002 1.2890000000000001 0.21568 0.18462 0.062375 0.20320000000000005 0.8691 0.14675
21.46 -0.31779999999999997 1.195 4.406961 1.1177 0.15963000000000002 0.25290999999999997 0.13179000000000002 0.589 -0.829 0.10432 0.2235 0.041625 0.6416000000000002 0.5275 0.16835
24.18 0.4214 0.987 1.0562949999999998 1.8045 0.15165 0.14547 0.03831 -1.1989999999999998 1.259 0.01888 0.18281999999999998 0.063875 0.76 0.9138999999999999 0.11795
13.26 -0.5893999999999999 0.9550000000000001 0.12282499999999999 0.5532999999999999 0.13863 0.14819 0.01665 -1.721 1.8290000000000002 0.21712 0.26849999999999996 0.137375 0.1519999999999999 0.7192999999999999 0.18275000000000002
24.86 -0.30099999999999993 1.177 0.024564999999999997 0.8423 0.13953000000000002 0.17029 0.16599000000000003 -0.10099999999999998 0.052999999999999936 0.08607999999999999 0.19866 0.10062499999999999 0.6736000000000002 0.8803000000000001 0.43655
16.740000000000002 0.20579999999999998 0.599 2.1666329999999996 1.7807 0.14121 0.20871 0.01969 0.2410000000000001 -0.05499999999999994 0.15472 0.2901 0.12812500000000002 0.38559999999999994 0.9783 0.36095000000000005
15.38 0.581 0.541 0.9383829999999999 0.42410000000000003 0.14223 0.16723 0.15155000000000002 -0.7430000000000001 -0.19899999999999995 0.16528 0.23142 0.134375 0.18399999999999994 0.8103 0.15395
23.42 0.06300000000000006 1.049 1.301945 0.9375 0.15081 0.16043 0.04097 -1.625 0.6950000000000003 0.02512 0.2703 0.12737500000000002 -0.7664000000000001 0.8074999999999999 0.37084999999999996
15.58 0.2674000000000001 1.441 4.308700999999999 1.6379000000000001 0.14661000000000002 0.15363 0.14737 0.661 -0.949 0.23968 0.28974 0.130625 0.47520000000000007 0.9377 0.08285000000000001
12.58 -0.037799999999999945 0.6890000000000001 0.6927329999999999 1.7093 0.14829 0.21891 0.15535000000000002 -1.445 1.3370000000000002 0.09423999999999999 0.15942 0.12562500000000001 -0.19999999999999996 0.9895 0.08375
21.5 -0.5726 1.435 2.264893 1.7637 0.15987 0.17777 0.16257000000000002 0.7930000000000001 -0.931 0.14320000000000002 0.1641 0.102625 -0.3568 0.5233 0.30515000000000003
10.9 -0.14139999999999997 0.765 3.7289669999999995 0.6519 0.15795 0.27535 0.14395 -1.709 0.33499999999999996 0.02656 0.20945999999999998 0.070875 0.09760000000000013 0.9097 0.48335
22.9 0.02100000000000002 0.655 3.139407 1.6617000000000002 0.14607 0.23013 0.12304999999999999 -1.817 0.7969999999999999 0.11535999999999999 0.15294 0.036625000000000005 -0.5776 0.4365 0.13415
25.700000000000003 0.5082 1.103 4.023747 1.9847 0.15831 0.20565 0.01323 -1.409 0.7609999999999999 0.04864 0.17742 0.12712500000000002 0.5776000000000001 0.7459 0.16745000000000002
23.380000000000003 0.3597999999999999 0.653 1.1054249999999999 0.7811 0.14253000000000002 0.15533 0.17891 0.907 1.355 0.24112 0.29694 0.141625 0.3056000000000001 0.45189999999999997 0.17375000000000002
18.58 -0.37379999999999997 0.515 3.6012289999999996 0.4139 0.14091 0.28283 0.021589999999999998 0.42700000000000005 1.883 0.2152 0.22602 0.09087500000000001 -0.09760000000000002 0.3819 0.13505
17.98 0.06020000000000003 1.065 3.8370529999999996 1.8283 0.15759 0.15023 0.029950000000000004 0.8230000000000004 1.541 0.14895999999999998 0.12197999999999999 0.09887499999999999 -0.6032000000000001 0.7486999999999999 0.17195000000000002
21.619999999999997 0.04060000000000008 0.915 0.14247699999999996 1.5903 0.14481 0.28623 0.15839 -0.08299999999999996 1.271 0.14608000000000002 0.25446 0.049875 -0.5456000000000001 0.4547 0.12875
12.54 -0.04899999999999993 0.8049999999999999 1.5574209999999997 1.0667 0.14361000000000002 0.26753 0.19639 -1.865 0.929 0.027520000000000003 0.23213999999999999 0.074875 -0.5808 0.8061 0.08105000000000001
10.42 -0.07699999999999996 1.183 3.6798369999999996 0.9273 0.15375 0.28010999999999997 0.19335 -1.781 0.07099999999999995 0.044320000000000005 0.22314 0.028875 -0.6864 0.6549 0.14495
13.74 0.5446 0.875 3.178711 1.9099000000000002 0.16311 0.18423 0.07783 0.08499999999999996 -0.17499999999999993 0.11343999999999999 0.14934 0.131375 -0.6096 0.6451 0.42485
21.78 -0.34019999999999995 0.745 1.1447289999999999 1.3557 0.15147000000000002 0.23319 0.15611000000000003 0.6909999999999998 0.9950000000000001 0.06304 0.26346 0.09587500000000002 0.1392 0.3021 0.31145
20.5 -0.6285999999999999 0.549 0.48638699999999996 0.5057 0.15801 0.22061 0.12419 0.565 0.641 0.05008 0.25805999999999996 0.084625 -0.26080000000000003 0.6059 0.20615
21.060000000000002 0.2338 0.9490000000000001 4.7606969999999995 0.8694999999999999 0.14319 0.29303 0.19829000000000002 0.367 0.7789999999999999 0.07168 0.13169999999999998 0.112875 -0.6064 0.4183 0.45185000000000003
25.58 0.6761999999999999 0.555 4.298875 0.7777000000000001 0.14967 0.24203 0.15763000000000002 -1.241 0.2929999999999999 0.14944 0.16338 0.112625 0.4688000000000001 0.6493 0.28445000000000004
29.34 -0.413 1.149 3.0214949999999994 0.4513 0.14511000000000002 0.26005 0.16675000000000004 -1.403 0.9470000000000001 0.13984000000000002 0.13638 0.081125 0.7024000000000001 0.6171 0.11075000000000002
20.98 -0.0938 0.931 0.004913 0.7879 0.15873 0.21381 0.17701 -0.935 -0.631 0.24208 0.2847 0.132875 -0.76 0.6395 0.11345000000000001
28.060000000000002 0.6062000000000001 0.9390000000000001 1.4788129999999997 1.9881 0.16257000000000002 0.17232999999999998 0.03109 -0.4910000000000001 -0.235 0.11247999999999998 0.22061999999999998 0.033375 0.17120000000000002 0.9713 0.47885000000000005
19.5 0.0013999999999999568 0.9570000000000001 2.5596729999999996 0.8287 0.16377 0.15635 0.08467 0.9129999999999998 -0.45100000000000007 0.12208 0.12342 0.11737500000000001 -0.6416000000000001 0.7585 0.47165
27.740000000000002 0.10220000000000007 0.517 1.8325489999999998 1.7671 0.15609 0.28215 0.08581 0.3250000000000002 0.851 0.1912 0.17237999999999998 0.028375 0.11360000000000015 0.7501 0.45635000000000003
28.78 0.567 0.743 4.5248729999999995 1.8453000000000002 0.16119 0.28657 0.12000999999999999 -1.661 -0.499 0.0472 0.18534 0.115625 0.1904 0.3357 0.26195
23.900000000000002 -0.46619999999999995 0.837 0.6141249999999999 1.5563 0.14691 0.28486999999999996 0.14775 -1.871 -0.29499999999999993 0.029920000000000002 0.2253 0.114125 0.7152000000000001 0.9069 0.09095
14.620000000000001 0.16379999999999995 0.659 4.809826999999999 1.5052999999999999 0.14391 0.16825 0.08163 0.7810000000000001 0.43699999999999983 0.10047999999999999 0.12306 0.046625 -0.34719999999999995 0.8536999999999999 0.35645000000000004
27.38 -0.133 1.3210000000000002 2.4810649999999996 1.2945 0.14355 0.29711 0.03869 -1.259 0.21500000000000008 0.05584 0.1551 0.08737500000000001 -0.632 0.5317 0.25295
10.1 -0.30939999999999995 0.525 4.269397 0.8456999999999999 0.16353 0.26481 0.18043 0.1629999999999998 1.745 0.09615999999999998 0.25014 0.09437500000000001 0.14559999999999995 0.6255 0.39335
19.619999999999997 -0.6426 1.363 1.1938589999999998 0.8831 0.15429 0.13493 0.02501 -0.7250000000000001 0.04100000000000015 0.08847999999999999 0.20657999999999999 0.076125 -0.0048000000000000265 0.8467 0.18095
19.86 -0.37659999999999993 0.645 0.840123 0.3051 0.16029000000000002 0.28554999999999997 0.01057 -0.5510000000000002 0.10099999999999998 0.0376 0.16949999999999998 0.052875000000000005 -0.5488 0.8761000000000001 0.12155
12.780000000000001 -0.5474 1.249 4.3676569999999995 1.8215000000000001 0.15231 0.22027000000000002 0.10937 -0.7130000000000001 0.401 0.18256 0.21594 0.067125 0.08800000000000008 0.7599 0.33575
10.78 0.20299999999999996 1.429 2.038895 1.6005 0.14553000000000002 0.14989 0.11051 -0.43100000000000005 1.133 0.08175999999999999 0.15078 0.08837500000000001 0.40159999999999996 0.7528999999999999 0.11435000000000001
