"Pb_Pb" "Mean" "Width" "Dist" "Flactutation" "Temp" "Kink" "eta_s" "Slope_low" "Slope_high" "Max" "Temp_peak" "Width_peak" "Asym_peak" "R" "tau_initial"
10.14 0.1638 0.959 0.6035 1.6107 0.16329 0.18457 0.13825 -1.517 -0.769 0.06928 0.24798 0.063125 0.2448 0.3791 0.05
10.74 -0.1162 1.169 1.5215 0.6281 0.13563 0.17777 0.13483 -1.529 1.589 0.14752 0.1893 0.106375 -0.6992 0.5961 0.05
11.14 -0.0434 1.115 1.5385 0.6791 0.15153 0.14513 0.09227 0.313 -0.271 0.23968 0.2109 0.030125 -0.232 0.6983 0.05
11.22 -0.161 1.017 1.5827 1.2809 0.14445 0.17165 0.18765 0.709 0.359 0.10624 0.13926 0.114625 0.6832 0.6255 0.05
11.7 0.4998 1.383 0.0663 1.6651 0.15705 0.21381 0.07441 -0.197 1.109 0.16096 0.15654 0.082375 -0.7408 0.7711 0.05
12.34 -0.5446 1.045 0.0765 0.5465 0.15093 0.25869 0.08885 -1.745 1.391 0.06304 0.21558 0.129875 -0.616 0.6381 0.05
12.42 -0.6006 0.851 0.3961 0.9171 0.15837 0.27059 0.18309 -0.683 -0.667 0.23392 0.23286 0.115125 0.1648 0.8383 0.05
12.9 -0.2814 1.359 1.2699 0.4343 0.14823 0.26685 0.11545 -0.281 0.155 0.06064 0.2991 0.072625 -0.1424 0.9713 0.05
13.3 -0.4578 1.227 0.3451 1.2231 0.14673 0.15091 0.11925 -1.067 1.793 0.2128 0.23934 0.134125 0.6096 0.8705 0.05
13.74 0.3962 1.067 0.4267 1.9847 0.14271 0.21585 0.19373 0.439 -0.361 0.15232 0.2901 0.075875 0.28 0.9027 0.05
14.06 -0.175 0.783 0.0051 0.7777 0.14169 0.16927 0.05009 0.523 -0.733 0.1288 0.16806 0.130125 -0.3632 0.4995 0.05
14.62 0.1778 0.575 1.2971 1.6481 0.14985 0.15771 0.09873 -1.853 0.569 0.0376 0.16086 0.104375 -0.088 0.9391 0.05
15.14 -0.6202 1.471 0.9537 1.0293 0.15423 0.24407 0.15573 0.589 -0.883 0.08176 0.19902 0.086875 -0.4144 0.3231 0.05
15.54 0.217 0.583 1.6711 1.8521 0.14745 0.22979 0.16789 0.085 0.689 0.2056 0.18714 0.071375 -0.6704 0.4225 0.05
15.9 0.3906 0.555 0.5661 0.8491 0.14367 0.27433 0.12533 -1.943 0.437 0.24064 0.17886 0.056625 0.472 0.4365 0.05
16.06 0.00139999999999996 0.885 0.6715 0.3595 0.16077 0.27739 0.19221 0.367 1.865 0.10528 0.17094 0.057625 0.0176000000000001 0.5121 0.05
16.58 -0.00419999999999998 0.829 0.1445 1.1857 0.14619 0.18797 0.11051 0.895 0.869 0.172 0.12666 0.035125 0.7568 0.8509 0.05
16.86 0.1386 0.871 0.2295 1.7569 0.13803 0.25223 0.02083 0.223 1.481 0.02032 0.2253 0.092625 -0.0496000000000001 0.8831 0.05
17.46 0.0434 1.337 0.7123 0.9613 0.16107 0.28045 0.02805 -1.127 1.649 0.22 0.25554 0.042625 -0.00160000000000005 0.3917 0.05
17.82 0.665 0.521 0.8857 0.3833 0.14559 0.19375 0.10861 -0.077 1.451 0.01168 0.27354 0.084125 -0.312 0.5723 0.05
18.26 -0.273 1.153 1.6065 1.9541 0.15849 0.15023 0.03223 -0.671 -0.145 0.18976 0.2829 0.118375 0.2096 0.6633 0.05
18.7 -0.6706 0.969 0.1139 0.8287 0.15735 0.16213 0.01209 0.163 0.659 0.12496 0.28866 0.052625 0.3344 0.7501 0.05
18.98 0.0798000000000001 1.097 0.2023 0.4615 0.16485 0.26447 0.03755 0.00100000000000033 -0.445 0.04144 0.15546 0.100625 0.4304 0.7949 0.05
19.5 -0.245 0.645 1.4161 1.3659 0.15285 0.29847 0.17017 -0.857 0.0589999999999999 0.14224 0.21918 0.149125 0.584 0.3063 0.05
19.94 0.441 1.377 0.5287 1.8113 0.14283 0.28861 0.06339 -1.235 -0.871 0.1816 0.26274 0.092375 -0.3248 0.5387 0.05
20.02 -0.3178 1.137 1.3345 0.5975 0.13731 0.23965 0.03527 -1.625 -0.199 0.0568 0.14358 0.099875 0.7344 0.5569 0.05
20.78 0.2282 0.613 0.8551 1.0837 0.14805 0.23387 0.10329 -1.175 0.839 0.2488 0.29406 0.143875 -0.4752 0.9867 0.05
20.82 0.2562 0.721 1.6575 1.4305 0.13791 0.18117 0.02273 -0.539 1.985 0.17584 0.2757 0.061875 0.1264 0.4701 0.05
21.22 -0.4326 1.197 1.4603 1.3897 0.16167 0.16553 0.12381 -1.691 1.187 0.22336 0.12054 0.088375 0.0496000000000001 0.4897 0.05
21.74 0.091 0.675 0.4641 1.5699 0.16413 0.17539 0.14623 0.493 -0.0249999999999999 0.07552 0.27894 0.135125 -0.712 0.6857 0.05
22.1 0.5166 1.263 1.1577 0.7573 0.13899 0.25529 0.16257 -1.781 1.715 0.10096 0.25986 0.140375 0.5264 0.5863 0.05
22.5 -0.3822 0.935 1.2495 1.4985 0.15981 0.29065 0.07707 0.787 1.919 0.0952 0.26634 0.068625 -0.7824 0.7221 0.05
22.94 -0.4858 0.517 0.3111 1.9201 0.15195 0.22639 0.04211 -1.457 0.929 0.15856 0.1767 0.096625 -0.5872 0.3987 0.05
23.3 0.5894 0.909 1.0047 1.0055 0.14079 0.29575 0.16181 -0.749 -0.079 0.02992 0.13206 0.067375 -0.52 0.6675 0.05
23.74 -0.4186 1.253 0.2737 1.3489 0.15411 0.23863 0.15003 -1.931 -0.607 0.112 0.13674 0.033375 0.0912000000000001 0.8229 0.05
24.26 0.455 1.209 1.4671 0.3221 0.14031 0.19511 0.08543 0.679 -0.547 0.13264 0.26778 0.124375 -0.4976 0.6087 0.05
24.42 0.5362 1.299 1.1169 0.5159 0.15951 0.13357 0.07023 -0.917 1.013 0.016 0.22818 0.052125 0.408 0.8089 0.05
25.14 -0.6986 0.765 1.0557 0.7097 0.13503 0.28623 0.08201 -0.575 0.245 0.13888 0.25014 0.029125 -0.1712 0.4533 0.05
25.5 -0.3514 0.759 0.4845 1.7943 0.15579 0.21993 0.06035 0.835 0.137 0.02704 0.2019 0.120125 0.6704 0.3651 0.05
25.7 0.3458 1.457 0.8041 1.4815 0.15537 0.20667 0.09417 -1.013 1.331 0.04864 0.19362 0.145375 -0.5648 0.3287 0.05
26.06 0.5754 0.801 0.2431 0.6621 0.14469 0.14105 0.14281 -1.343 -0.979 0.16672 0.22386 0.047875 -0.2096 0.7417 0.05
26.46 -0.5866 1.309 0.7735 1.7263 0.14103 0.13731 0.17359 -0.473 0.791 0.08464 0.24582 0.045875 -0.1008 0.5275 0.05
26.98 -0.525 1.423 1.1271 1.1381 0.14919 0.26175 0.05503 0.973 1.235 0.18352 0.1497 0.125625 0.296 0.7095 0.05
27.22 0.6734 0.997 0.8313 0.5023 0.16269 0.19851 0.12837 -0.101 0.449 0.22672 0.18426 0.109375 0.7696 0.4603 0.05
27.66 -0.203 0.695 1.0489 1.0633 0.15357 0.15635 0.01589 -1.325 -0.331 0.0448 0.20694 0.026875 0.1392 0.3525 0.05
28.02 0.6174 1.021 1.3719 1.8725 0.15651 0.22503 0.19639 0.115 1.541 0.08992 0.23538 0.079625 0.5456 0.7809 0.05
28.66 0.3122 1.415 0.9469 0.8967 0.13629 0.20395 0.05693 -0.977 1.097 0.20176 0.20298 0.040125 0.3664 0.9293 0.05
28.98 -0.0938 0.703 0.7327 1.2979 0.13923 0.21041 0.15155 -0.341 -0.469 0.20848 0.13062 0.139375 0.4816 0.8901 0.05
29.22 0.2898 1.487 0.6443 1.1551 0.15039 0.13153 0.17929 -0.215 0.545 0.11824 0.14826 0.111625 -0.4336 0.9769 0.05
29.74 -0.0574 0.629 1.1951 1.5257 0.16203 0.24713 0.04781 -0.419 0.263 0.196 0.1641 0.039125 -0.2832 0.9503 0.05
10.3 0.1442 1.319 1.0727 1.9609 0.15327 0.24577 0.17967 0.619 1.463 0.0976 0.17634 0.041625 -0.0976 0.8117 0.05
10.5 -0.665 0.889 1.1441 0.9137 0.14499 0.20123 0.05731 -0.785 -0.157 0.15712 0.16446 0.055375 -0.776 0.3707 0.05
10.86 0.6202 0.739 0.7769 1.6753 0.15927 0.18491 0.07289 -1.133 0.239 0.2368 0.27858 0.066375 -0.4912 0.7249 0.05
11.54 0.6118 0.663 0.2363 0.7539 0.16035 0.24951 0.09379 -1.061 0.593 0.01936 0.17922 0.053625 0.5136 0.5499 0.05
11.66 0.4634 1.093 0.9911 0.5261 0.15975 0.27229 0.13293 -0.623 -0.649 0.06688 0.19146 0.146375 -0.5392 0.5107 0.05
12.1 0.5558 0.993 1.3277 0.6655 0.14109 0.29541 0.13597 -0.605 1.871 0.21088 0.21198 0.082875 -0.2768 0.7921 0.05
12.74 -0.1722 0.551 0.9061 1.4169 0.15555 0.17267 0.05959 -1.451 0.539 0.01312 0.25086 0.142375 -0.5488 0.4771 0.05
12.82 -0.077 1.269 0.3417 1.7535 0.13665 0.21313 0.07669 -1.793 -0.559 0.14848 0.14538 0.092125 0.00800000000000001 0.8957 0.05
13.42 -0.3738 0.643 0.1751 0.5737 0.14433 0.13289 0.08961 0.499 1.151 0.20272 0.25914 0.098875 -0.4528 0.7655 0.05
13.66 -0.2786 0.515 1.4841 1.0089 0.15801 0.23931 0.18271 -1.367 0.899 0.18496 0.1965 0.031875 0.5584 0.7011 0.05
14.18 -0.0854 0.689 1.2291 0.3357 0.13785 0.21925 0.03945 -1.613 0.113 0.0928 0.24726 0.114375 0.2384 0.9363 0.05
14.46 0.1722 1.247 0.0017 0.8457 0.14967 0.19239 0.19069 -1.973 0.431 0.06976 0.27318 0.051375 -0.3024 0.6703 0.05
15.06 -0.0378000000000001 0.905 1.2631 1.7671 0.14583 0.17981 0.07061 0.775 -0.973 0.19648 0.2415 0.148625 -0.2032 0.3903 0.05
15.3 0.1078 1.103 1.1067 1.7229 0.16323 0.18831 0.01247 -0.0409999999999999 1.889 0.02368 0.2667 0.070125 0.3696 0.6423 0.05
15.94 0.3682 0.875 0.6545 1.2435 0.14691 0.14955 0.19677 0.823 1.775 0.03376 0.22098 0.122875 0.0752 0.4281 0.05
16.14 0.0546000000000001 1.289 0.2703 0.9103 0.14043 0.22741 0.06529 0.553 -0.631 0.22192 0.26346 0.033625 0.12 0.9517 0.05
16.62 -0.3122 1.011 0.7055 1.2945 0.15777 0.23013 0.16105 -1.697 1.529 0.16 0.15258 0.129625 -0.76 0.9727 0.05
16.82 -0.2394 0.707 0.2805 1.6209 0.15243 0.26039 0.14775 -0.449 0.677 0.04528 0.23754 0.144875 0.7216 0.9699 0.05
17.3 -0.4298 1.321 0.4811 0.3017 0.16455 0.18355 0.02045 -1.331 1.349 0.11488 0.21522 0.109125 0.4592 0.5247 0.05
17.9 -0.2198 0.833 0.3995 1.5801 0.15429 0.26617 0.08315 0.199 1.751 0.17632 0.12342 0.059625 0.6512 0.3427 0.05
18.22 0.679 1.343 1.4467 1.1075 0.15225 0.20259 0.17473 -1.211 -0.307 0.11776 0.23358 0.100875 0.7504 0.9895 0.05
18.42 0.5278 0.539 0.4709 1.3285 0.14331 0.16961 0.04325 -0.311 1.301 0.21712 0.14286 0.130875 0.4336 0.8691 0.05
19.18 0.2002 1.373 0.3315 0.3935 0.15123 0.25257 0.14433 0.451 0.971 0.12304 0.13998 0.138625 0.776 0.7557 0.05
19.42 -0.4102 0.607 1.5487 0.6859 0.14541 0.29303 0.15687 0.685 0.167 0.1528 0.29226 0.097125 -0.1808 0.5919 0.05
19.98 -0.553 1.497 0.5423 1.2741 0.15405 0.15227 0.05199 -0.365 1.679 0.19888 0.19974 0.043125 -0.424 0.9083 0.05
20.18 -0.5698 1.175 0.1241 1.0701 0.13593 0.25665 0.11013 0.889 1.199 0.0544 0.20982 0.038625 -0.3792 0.5681 0.05
20.58 0.0686000000000001 1.213 1.2155 1.9133 0.14013 0.13493 0.09265 -1.919 1.961 0.13936 0.21738 0.086125 0.616 0.7067 0.05
20.86 -0.5054 1.385 0.7905 1.8487 0.14883 0.28759 0.19259 -0.893 -0.211 0.07408 0.28254 0.074625 0.3856 0.4883 0.05
21.5 -0.6146 1.181 0.6273 0.4241 0.16425 0.28487 0.12305 0.301 -0.085 0.19168 0.18282 0.036625 0.1328 0.7389 0.05
21.82 -0.4998 1.421 1.5691 0.7131 0.14751 0.14615 0.12609 -1.703 -0.499 0.17968 0.2541 0.110625 0.2608 0.4211 0.05
22.34 -0.3066 1.401 1.6643 0.8049 0.15051 0.20531 0.14015 0.757 0.00500000000000012 0.02848 0.1947 0.125125 -0.4112 0.9223 0.05
22.78 0.6678 1.133 1.5113 0.6179 0.15513 0.19579 0.12989 0.0669999999999997 1.037 0.1672 0.29874 0.026125 0.2032 0.5009 0.05
23.14 0.2758 0.793 0.0561 1.5087 0.15891 0.24373 0.18841 0.133 -0.241 0.24784 0.24402 0.105125 -0.0784 0.4631 0.05
23.54 0.00980000000000003 1.027 0.7463 1.7977 0.15711 0.16009 0.01741 0.991 -0.799 0.12736 0.1263 0.077875 -0.0208 0.7893 0.05
23.82 -0.00139999999999996 0.741 1.6983 0.4411 0.15603 0.16315 0.03489 0.385 1.247 0.17248 0.1605 0.103875 0.0336000000000001 0.3623 0.05
24.38 0.4774 0.961 0.9843 0.4955 0.16221 0.22299 0.04553 -1.499 -0.739 0.21472 0.13422 0.119625 -0.0368000000000001 0.8439 0.05
24.46 0.3486 1.055 1.6031 1.9881 0.14829 0.27909 0.02653 -0.401 1.055 0.08896 0.15906 0.089625 -0.696 0.6563 0.05
24.82 0.4158 1.221 0.8279 0.8423 0.13683 0.17505 0.11963 0.247 -0.859 0.05104 0.18498 0.060625 0.6896 0.4435 0.05
25.22 -0.1442 0.631 1.3005 1.8691 0.13947 0.23761 0.10785 -1.829 -0.457 0.13072 0.1299 0.063375 0.3024 0.4057 0.05
25.94 0.4382 1.449 0.9197 1.1313 0.16185 0.21619 0.16333 -1.025 0.0529999999999999 0.08416 0.13602 0.045125 -0.7152 0.5947 0.05
26.22 -0.4746 0.859 1.0387 1.5461 0.14277 0.27535 0.02235 -1.559 0.683 0.23152 0.27822 0.069875 0.168 0.8187 0.05
26.5 -0.1134 0.589 1.1747 0.9749 0.14217 0.15601 0.15307 -0.851 0.479 0.04048 0.2703 0.048375 -0.6544 0.3385 0.05
27.1 -0.693 0.807 1.4025 1.4713 0.16293 0.16587 0.16713 -0.113 1.409 0.10432 0.22458 0.115625 0.5808 0.6185 0.05
27.42 0.1358 1.473 1.3617 1.1619 0.15099 0.29677 0.10367 -1.259 0.785 0.24112 0.17346 0.094375 0.3376 0.3245 0.05
27.7 -0.637 0.779 0.0731 1.1993 0.14817 0.26311 0.10101 -0.725 -0.889 0.06112 0.16698 0.136375 -0.3376 0.5625 0.05
28.22 0.245 1.155 0.6069 1.6515 0.14349 0.13901 0.07935 -0.251 0.299 0.0784 0.2955 0.133875 -0.5776 0.8523 0.05
28.46 -0.3486 0.951 0.8721 1.4339 0.13545 0.14309 0.17131 -0.173 0.371 0.2296 0.15006 0.081875 -0.6224 0.6815 0.05
28.82 0.5614 0.927 0.1683 0.5533 0.13839 0.23489 0.05123 -0.521 0.857 0.14416 0.20586 0.120375 -0.2544 0.3119 0.05
29.54 0.3094 0.565 0.4301 1.3693 0.13917 0.20939 0.11507 0.0250000000000004 1.583 0.1072 0.22998 0.029375 0.4848 0.8845 0.05
29.94 0.2814 1.079 0.5695 1.0259 0.16125 0.28147 0.03147 -0.959 -0.355 0.0352 0.28794 0.075625 -0.136 0.6339 0.05
10.1 -0.2954 1.355 0.4029 1.3591 0.15825 0.16111 0.08049 0.0310000000000001 1.415 0.01552 0.13854 0.084875 0.00160000000000005 0.6773 0.05
10.62 0.5138 0.559 1.6541 0.3901 0.14403 0.20803 0.14395 -1.301 -0.0369999999999999 0.09088 0.2037 0.056875 0.0976000000000001 0.5639 0.05
11.18 0.049 0.899 1.4705 1.8351 0.15993 0.24033 0.16029 -0.557 1.907 0.19792 0.17202 0.142625 0.1584 0.7431 0.05
11.34 -0.5782 1.329 1.5759 1.7059 0.13551 0.21347 0.10253 0.715 0.215 0.14176 0.23718 0.076625 -0.1552 0.7263 0.05
11.94 -0.3374 0.531 0.1921 0.9579 0.16347 0.28079 0.12875 -0.611 0.623 0.08608 0.21162 0.080125 -0.5904 0.8355 0.05
12.06 -0.4018 0.789 0.3145 1.8997 0.15561 0.16791 0.08999 0.403 -0.625 0.2152 0.2073 0.028875 -0.1744 0.6885 0.05
12.46 0.4298 0.865 1.2665 0.7811 0.16023 0.28691 0.02919 -0.971 1.721 0.07504 0.2523 0.099375 -0.3824 0.4519 0.05
13.02 0.693 1.059 1.0115 1.0157 0.14595 0.14445 0.11697 0.265 1.181 0.17824 0.29514 0.123625 -0.0624 0.9125 0.05
13.22 0.4858 1.303 0.5627 1.4373 0.14781 0.16417 0.15117 -1.961 0.995 0.19312 0.24114 0.116125 -0.2992 0.3021 0.05
13.9 0.0937999999999999 1.397 1.3787 1.5665 0.15435 0.29507 0.10063 -1.115 -0.577 0.03568 0.17526 0.034125 0.04 0.5793 0.05
14.14 -0.6314 1.007 0.8925 0.8559 0.15345 0.25291 0.01095 -1.079 0.413 0.18688 0.16122 0.141625 0.4464 0.9237 0.05
14.58 0.5782 0.687 0.4471 1.1755 0.14199 0.23081 0.13863 0.475 -0.127 0.16864 0.17778 0.135625 0.6576 0.3637 0.05
15.1 0.1918 0.837 0.8415 1.2027 0.13881 0.23659 0.07403 0.979 1.283 0.148 0.1245 0.119375 -0.7216 0.9307 0.05
15.46 -0.00980000000000003 0.767 0.5117 0.6315 0.16131 0.15159 0.18955 0.097 1.139 0.10576 0.27282 0.037125 0.536 0.6955 0.05
15.62 -0.2646 1.375 0.5899 0.6587 0.13737 0.22571 0.18005 -0.905 -0.0429999999999999 0.21856 0.19434 0.054875 0.7792 0.7641 0.05
16.1 0.3402 1.255 0.1377 1.6889 0.15843 0.27671 0.06909 -1.229 0.695 0.10768 0.28902 0.089375 0.7184 0.8201 0.05
16.42 -0.6062 0.805 1.0421 0.8899 0.15369 0.13017 0.05351 -0.071 0.269 0.11248 0.23322 0.138875 0.5616 0.3189 0.05
17.1 -0.1386 0.731 1.0693 0.7301 0.13761 0.21007 0.03451 0.859 1.799 0.05296 0.22962 0.046875 0.632 0.6199 0.05
17.34 -0.035 0.919 1.6677 0.9817 0.16305 0.22095 0.17055 -0.755 -0.853 0.24592 0.21486 0.121375 -0.5264 0.5359 0.05
17.94 0.0154 1.419 1.3481 0.4989 0.14643 0.27297 0.19601 0.541 1.385 0.08032 0.2217 0.114875 -0.3888 0.4351 0.05
18.34 0.2142 0.627 1.3073 1.8929 0.15237 0.19307 0.08809 -1.391 1.625 0.04384 0.15474 0.062875 0.392 0.3315 0.05
18.78 0.0630000000000001 0.963 0.7973 0.5635 0.15105 0.28317 0.03717 -0.095 -0.745 0.20416 0.2973 0.030375 0.2896 0.4729 0.05
18.9 0.1414 1.427 0.0629 1.3353 0.15621 0.25937 0.06187 0.931 0.935 0.23776 0.24654 0.112125 -0.344 0.4239 0.05
19.38 -0.4242 1.159 0.8517 0.6961 0.14025 0.24509 0.07517 -0.839 1.967 0.2344 0.14934 0.041875 -0.488 0.4841 0.05
19.9 0.6398 0.581 0.2771 1.0735 0.14715 0.17607 0.04059 -0.371 0.335 0.0232 0.14574 0.042875 -0.0304 0.8621 0.05
20.14 0.1246 1.199 1.5521 1.0939 0.15171 0.14751 0.04439 -1.505 -0.229 0.15136 0.16374 0.061625 -0.6672 0.9853 0.05
20.5 -0.3318 1.039 1.5079 1.4849 0.15765 0.13969 0.16371 -0.989 -0.811 0.01072 0.26202 0.078375 0.2288 0.8075 0.05
21.18 -0.4634 0.609 0.9503 1.9405 0.16209 0.26753 0.14167 0.673 0.125 0.17536 0.28362 0.102625 0.4944 0.7837 0.05
21.42 0.2534 1.107 0.0323 1.7331 0.15021 0.22469 0.19829 -0.275 -0.925 0.06448 0.18138 0.094875 -0.44 0.9615 0.05
21.98 0.5922 1.065 0.6783 1.8079 0.14067 0.24849 0.18385 0.103 0.761 0.13456 0.26922 0.026625 -0.6128 0.5135 0.05
22.3 0.2394 1.281 1.1509 0.3629 0.16149 0.20463 0.12723 -1.901 1.259 0.0616 0.12774 0.130625 0.1808 0.6465 0.05
22.74 -0.4802 0.757 0.3621 1.9677 0.15249 0.17335 0.16865 0.601 1.835 0.15904 0.19074 0.101625 -0.7728 0.5401 0.05
23.18 0.4018 1.211 0.2499 1.3081 0.14133 0.15941 0.18651 -1.643 1.511 0.02464 0.22602 0.095875 0.6736 0.7935 0.05
23.34 0.6566 1.089 0.7429 0.7471 0.13575 0.29813 0.05161 -0.491 -0.181 0.1264 0.2001 0.107375 0.4656 0.9951 0.05
23.62 -0.5586 0.955 0.1003 0.3289 0.14373 0.29031 0.09569 -0.425 0.617 0.05776 0.25662 0.127875 0.3408 0.3875 0.05
24.06 0.3738 1.447 0.2125 1.1347 0.15681 0.21551 0.02463 -1.835 0.179 0.24304 0.13782 0.072875 0.2768 0.6227 0.05
24.74 -0.6818 0.985 1.1033 1.7841 0.14229 0.18627 0.12039 -0.641 0.911 0.1216 0.12306 0.070625 0.7408 0.9461 0.05
25.1 -0.1498 1.265 0.1343 0.4547 0.13977 0.18015 0.10975 -0.719 0.503 0.11968 0.29046 0.049125 -0.7568 0.8915 0.05
25.38 -0.0826 1.177 0.7803 1.6413 0.13833 0.26379 0.11583 -1.409 -0.415 0.20704 0.1317 0.145625 -0.4784 0.5079 0.05
25.66 -0.2366 0.579 1.4433 1.5495 0.13623 0.15669 0.13255 -1.523 -0.373 0.2224 0.28146 0.086375 -0.1168 0.6591 0.05
26.1 -0.3766 1.479 1.1985 1.2503 0.14475 0.20021 0.01437 -1.733 0.473 0.09184 0.26562 0.066125 -0.2064 0.3497 0.05
26.54 0.5446 1.139 1.4195 1.4917 0.15903 0.23217 0.02007 0.355 0.0290000000000001 0.10048 0.2433 0.147625 0.3568 0.4659 0.05
26.9 -0.5138 0.649 1.5997 0.5295 0.14859 0.19613 0.17625 0.295 0.803 0.13648 0.17022 0.039625 -0.5456 0.7585 0.05
27.46 -0.2086 0.701 1.2325 1.2605 0.16437 0.18899 0.06453 -1.169 1.565 0.23008 0.27534 0.068375 -0.2288 0.4099 0.05
27.62 -0.1078 1.483 0.5015 0.4309 0.14901 0.18151 0.10595 0.211 -0.967 0.03328 0.15942 0.127125 0.0656000000000001 0.6031 0.05
28.26 -0.1918 0.673 0.4097 0.8117 0.14289 0.13595 0.05617 -1.637 1.691 0.16384 0.19686 0.134875 -0.2608 0.7193 0.05
28.78 0.3262 0.501 0.6409 0.9443 0.14949 0.25767 0.14965 -1.817 -0.487 0.07024 0.25734 0.090375 0.5872 0.5933 0.05
29.1 0.4662 1.237 0.9673 0.6043 0.16449 0.24985 0.08467 0.793 1.043 0.15472 0.1857 0.051625 -0.0944 0.8761 0.05
29.3 -0.6482 0.841 1.1713 1.4135 0.14577 0.26991 0.02843 -0.149 -0.289 0.04288 0.21882 0.107625 -0.6768 0.8593 0.05
29.98 0.2842 0.937 0.7089 1.5937 0.15483 0.14139 0.15725 -0.203 -0.661 0.1912 0.14502 0.057875 0.2128 0.3805 0.05
10.22 0.0322 1.053 0.4369 0.6417 0.13695 0.15431 0.13179 -0.743 0.983 0.03184 0.17958 0.123375 0.6416 0.6437 0.05
10.54 0.6762 1.391 0.8687 0.6247 0.15213 0.22163 0.17663 0.697 -0.0609999999999999 0.14464 0.1551 0.056375 0.2064 0.7599 0.05
10.82 -0.3934 0.929 0.5253 1.3013 0.14085 0.19885 0.16219 -0.635 0.365 0.22912 0.2883 0.037625 -0.2928 0.3889 0.05
11.46 -0.595 1.301 0.6681 1.9915 0.16083 0.21211 0.12419 -1.007 0.563 0.10336 0.19326 0.059875 0.728 0.9097 0.05
11.78 -0.1218 1.379 0.4879 1.0871 0.16467 0.23149 0.15801 -0.443 1.913 0.07936 0.26742 0.132375 0.0816000000000001 0.5821 0.05
12.3 -0.3654 0.945 1.5793 1.5121 0.15549 0.26787 0.04287 -0.569 0.0469999999999999 0.24976 0.14718 0.063875 -0.28 0.8467 0.05
12.62 0.2646 0.727 1.1679 1.3557 0.13845 0.25087 0.17739 -1.139 0.977 0.07648 0.28542 0.069375 0.4016 0.9881 0.05
13.1 0.357 0.897 1.3141 0.6009 0.16383 0.16655 0.05465 -0.263 -0.985 0.06736 0.26886 0.081125 -0.2 0.8607 0.05
13.58 0.2954 1.407 1.4637 0.7369 0.15687 0.20293 0.09797 -1.769 1.943 0.1648 0.22422 0.047125 -0.6192 0.7669 0.05
13.98 -0.2674 1.145 1.6609 1.6039 0.13869 0.28521 0.11089 -0.701 1.571 0.11872 0.18606 0.042125 0.4752 0.3833 0.05
14.1 0.4886 0.853 0.3519 1.4441 0.14877 0.16179 0.02387 -1.673 0.851 0.19936 0.24942 0.074125 0.7824 0.4813 0.05
14.54 -0.2254 1.129 0.4437 1.8895 0.14661 0.22605 0.03869 0.853 0.491 0.02752 0.20838 0.118625 -0.5744 0.3595 0.05
14.98 -0.2926 0.523 1.2393 0.9205 0.14139 0.20633 0.17169 -0.809 -0.877 0.1552 0.20334 0.108125 -0.7984 0.8817 0.05
15.26 -0.147 0.623 0.8143 1.6923 0.16041 0.13663 0.06377 0.343 1.781 0.16048 0.23898 0.094125 -0.328 0.9349 0.05
15.78 0.147 1.119 0.2057 0.3153 0.15165 0.25631 0.07555 -1.265 -0.817 0.18304 0.1659 0.050875 -0.7376 0.5149 0.05
16.38 0.6286 0.717 0.7395 0.5363 0.15615 0.17743 0.19525 -0.233 0.293 0.17008 0.25878 0.133625 -0.4592 0.3469 0.05
16.5 -0.4606 1.239 1.1917 0.4071 0.14223 0.24339 0.01133 0.139 0.551 0.03808 0.13962 0.085875 -0.4016 0.8173 0.05
16.9 0.4494 1.469 1.5317 1.7705 0.14397 0.18933 0.10291 -0.395 -0.655 0.20464 0.16734 0.110125 0.4208 0.3399 0.05
17.54 -0.0629999999999999 0.605 1.3685 1.9099 0.15789 0.29201 0.07859 -1.355 -0.475 0.04336 0.27642 0.079875 -0.3568 0.5345 0.05
17.62 -0.1974 0.691 0.0187 1.7195 0.14325 0.29711 0.18537 -0.515 0.731 0.20752 0.15762 0.135375 -0.1328 0.5597 0.05
18.14 -0.539 0.561 0.3009 0.7913 0.15027 0.25461 0.09531 0.433 -0.601 0.05248 0.23574 0.053375 0.5168 0.9181 0.05
18.54 0.1218 0.511 0.3077 0.3867 0.15987 0.24135 0.06719 0.469 1.655 0.09616 0.17418 0.138125 0.152 0.4911 0.05
19.02 0.385 0.979 0.6851 1.7603 0.14991 0.13051 0.18423 -1.487 1.163 0.13552 0.12486 0.031625 0.104 0.6577 0.05
19.26 -0.091 0.659 1.5011 1.2401 0.15753 0.15193 0.07327 0.769 0.629 0.02416 0.13026 0.060875 0.6384 0.6311 0.05
19.78 -0.4382 0.911 1.4297 1.0497 0.16161 0.23353 0.14243 -1.319 1.073 0.01216 0.13638 0.083625 -0.6608 0.4561 0.05
20.38 0.5474 1.425 0.7497 1.3931 0.15855 0.28249 0.03413 -0.863 1.427 0.06784 0.14214 0.044875 0.3792 0.7291 0.05
20.62 -0.6846 1.195 1.2801 1.2537 0.15273 0.29371 0.05769 -0.0649999999999999 -0.337 0.12784 0.2721 0.147125 0.68 0.6969 0.05
21.14 0.4438 1.037 0.6137 1.0395 0.14799 0.27603 0.08695 -1.877 -0.385 0.05392 0.16302 0.140625 0.2864 0.3077 0.05
21.54 0.2422 1.063 0.3859 1.8011 0.15495 0.25971 0.13749 -1.181 -0.703 0.19072 0.26094 0.029625 -0.584 0.9755 0.05
21.78 0.5642 1.005 0.1547 1.1483 0.13521 0.17097 0.08391 0.529 -0.409 0.24016 0.22854 0.125375 -0.2352 0.7445 0.05
22.22 -0.315 0.995 0.9265 1.9575 0.13767 0.18219 0.12001 -1.979 1.487 0.11104 0.23502 0.128375 -0.7344 0.5709 0.05
22.54 0.1022 0.743 1.3379 0.3527 0.15117 0.14003 0.14547 -1.721 1.289 0.24496 0.15078 0.113375 -0.0464 0.8243 0.05
22.98 0.0238 1.495 0.1819 0.8729 0.14457 0.28725 0.11317 0.901 -0.121 0.13312 0.25122 0.065875 0.5488 0.4015 0.05
23.38 0.0770000000000001 0.879 1.0795 0.5669 0.16239 0.23727 0.15345 -1.415 -0.175 0.22096 0.29802 0.070375 0.7632 0.7109 0.05
23.7 -0.6566 0.771 0.0425 1.3455 0.13953 0.21517 0.05047 -1.595 1.277 0.12208 0.19722 0.025375 -0.1072 0.7865 0.05
24.3 -0.3402 1.295 1.4229 1.5291 0.14937 0.20871 0.15877 0.613 0.251 0.23488 0.29586 0.120625 -0.68 0.5975 0.05
24.5 -0.1778 1.171 1.6847 0.9885 0.15477 0.14887 0.02729 -1.553 1.619 0.1 0.24294 0.149625 0.3184 0.5457 0.05
25.02 -0.5642 0.815 0.9809 1.5869 0.13989 0.22231 0.19981 0.961 -0.571 0.0832 0.18246 0.075125 -0.0112 0.4267 0.05
25.3 -0.4774 1.201 0.0867 1.1517 0.16317 0.14343 0.16637 0.283 -0.00099999999999989 0.0904 0.21126 0.049375 -0.504 0.6647 0.05
25.86 -0.5222 1.279 0.2669 0.4445 0.14487 0.27841 0.14889 -1.073 0.797 0.22288 0.2145 0.116375 -0.184 0.9013 0.05
26.14 0.4074 0.665 0.8381 0.8185 0.14553 0.19749 0.10519 0.739 0.875 0.17728 0.12198 0.035375 -0.5424 0.4197 0.05
26.66 0.5194 1.243 0.9129 1.4781 0.16341 0.24815 0.12115 0.241 -0.235 0.1504 0.13386 0.144625 -0.4176 0.7963 0.05
26.86 -0.0238 1.353 0.6103 0.9647 0.14613 0.14479 0.06263 -1.907 -0.895 0.13984 0.22494 0.099125 0.3504 0.9531 0.05
27.26 0.6454 1.087 0.1037 0.7641 0.15381 0.18763 0.04743 0.0430000000000001 1.727 0.06256 0.25338 0.101375 -0.0816 0.9671 0.05
27.98 0.3234 0.549 1.0081 1.8623 0.14181 0.27263 0.03185 -0.323 1.361 0.19408 0.20154 0.107125 0.4912 0.6157 0.05
28.18 -0.6342 0.587 0.5763 0.9035 0.15351 0.17947 0.09075 -0.965 0.131 0.21376 0.1713 0.088875 0.5936 0.3203 0.05
28.54 0.2198 0.795 1.6201 0.4853 0.14739 0.26481 0.18879 0.169 1.121 0.04768 0.19182 0.104125 0.232 0.8425 0.05
29.02 0.1946 1.335 1.1237 1.6549 0.15915 0.16043 0.01551 0.0190000000000001 0.407 0.18016 0.28074 0.032625 0.1616 0.6787 0.05
29.34 -0.0489999999999999 0.823 1.0455 0.7029 0.13659 0.19409 0.01893 -0.143 0.143 0.01792 0.29262 0.095625 0.056 0.5037 0.05
29.82 0.6062 1.455 1.0965 1.1891 0.13599 0.16893 0.13103 -0.131 1.829 0.10864 0.21846 0.090625 0.0208 0.4477 0.05
10.26 -0.3598 1.179 0.3757 0.5499 0.14787 0.23115 0.14357 0.00700000000000012 -0.943 0.07072 0.15402 0.112875 -0.408 0.9265 0.05
10.42 -0.1638 0.595 1.2767 0.3255 0.15669 0.14853 0.04705 -0.941 1.343 0.076 0.1803 0.049625 -0.1968 0.6927 0.05
10.9 0.6902 0.621 0.8177 1.4679 0.14427 0.26073 0.03299 -0.731 -0.865 0.1456 0.2577 0.098125 0.312 0.6745 0.05
11.42 -0.6958 0.685 0.4743 1.9507 0.15255 0.27365 0.07897 -0.305 -0.421 0.11152 0.12954 0.088125 0.0624 0.5555 0.05
11.82 -0.4158 1.331 0.4233 1.1585 0.13893 0.27807 0.03261 0.349 1.127 0.14944 0.21414 0.085125 0.7536 0.8327 0.05
12.14 0.0742 0.981 0.6579 0.4717 0.15399 0.23557 0.06225 -0.767 0.305 0.24256 0.13566 0.144375 -0.0591999999999999 0.3441 0.05
12.78 -0.217 1.147 1.4535 1.2265 0.13779 0.29337 0.11431 -1.649 -0.133 0.1408 0.2793 0.057125 -0.6288 0.5835 0.05
12.94 -0.021 1.307 1.6473 1.8249 0.14637 0.18525 0.06985 -0.383 1.031 0.20128 0.19578 0.137125 -0.7952 0.7319 0.05
13.34 0.483 0.777 1.2121 1.5325 0.14355 0.28351 0.15915 -0.983 1.559 0.03904 0.18174 0.140125 -0.0911999999999999 0.4379 0.05
13.82 -0.1862 0.545 0.3179 0.4037 0.13515 0.21891 0.18043 0.187 0.521 0.12688 0.20802 0.065125 0.1776 0.4421 0.05
14.34 -0.0881999999999999 1.121 0.0391 1.1143 0.15879 0.21449 0.04135 -1.715 0.881 0.07744 0.20118 0.040625 -0.5232 0.3147 0.05
14.66 0.3066 1.491 1.3991 0.8151 0.15771 0.18253 0.01817 -0.887 0.383 0.01024 0.2397 0.133375 -0.36 0.6073 0.05
14.86 -0.4214 1.015 0.0153 1.9235 0.15459 0.13697 0.13217 -1.295 0.833 0.1312 0.29766 0.090875 -0.3344 0.7753 0.05
15.58 0.2366 0.651 0.9707 1.2775 0.14265 0.14547 0.19031 -0.329 -0.319 0.04576 0.24618 0.149375 0.2704 0.8775 0.05
15.7 0.5054 0.943 0.9333 1.5767 0.15999 0.16689 0.09151 0.841 0.587 0.2272 0.21342 0.039875 0.2416 0.3049 0.05
16.22 -0.6118 0.867 1.1407 0.7879 0.15309 0.24305 0.07745 0.919 1.805 0.0256 0.25266 0.139875 -0.00480000000000003 0.6395 0.05
16.66 0.6342 1.465 0.6987 0.8661 0.14505 0.25053 0.19905 -1.871 -0.091 0.18256 0.16158 0.104875 -0.2896 0.6871 0.05
16.98 -0.2618 0.529 0.7871 1.4067 0.15141 0.22809 0.18499 0.535 1.895 0.08272 0.1335 0.069125 -0.2384 0.9657 0.05
17.58 -0.6538 0.933 0.5083 1.6379 0.13641 0.20769 0.12153 -1.163 -0.217 0.22432 0.26526 0.132125 0.5008 0.4589 0.05
17.7 0.0854 1.229 1.4807 1.7807 0.14037 0.16349 0.08353 -0.629 0.347 0.01648 0.2559 0.080625 0.7088 0.3567 0.05
18.06 -0.133 0.723 0.9945 1.1177 0.16299 0.25495 0.14053 -1.403 1.445 0.2032 0.29622 0.027875 -0.5104 0.8537 0.05
18.62 -0.3682 1.077 1.2461 0.9681 0.14679 0.20055 0.02691 -1.883 0.485 0.24928 0.16842 0.030625 0.6768 0.6129 0.05
19.14 0.3206 1.025 0.8959 0.4377 0.15909 0.27977 0.15763 0.145 -0.721 0.02944 0.27498 0.043625 -0.2704 0.5303 0.05
19.54 0.3598 1.113 1.5419 0.7335 0.14319 0.17675 0.14737 0.421 1.973 0.21424 0.12522 0.102125 0.3984 0.8033 0.05
19.62 -0.4522 1.345 0.5967 0.9069 0.16191 0.15533 0.16409 0.781 -0.379 0.11056 0.2739 0.117875 0.5296 0.4855 0.05
20.06 0.6482 1.399 1.0251 1.3047 0.13965 0.24679 0.05389 0.643 -0.0189999999999999 0.17152 0.1407 0.036125 -0.4656 0.7781 0.05
20.74 0.539 0.895 0.2227 1.6685 0.14115 0.24067 0.03679 -1.571 1.697 0.19456 0.2289 0.095125 -0.6864 0.8215 0.05
21.1 0.1134 0.715 0.1513 1.0565 0.16377 0.15873 0.05085 -0.593 -0.589 0.18928 0.18822 0.053125 0.376 0.9909 0.05
21.34 0.2702 0.513 1.1781 1.8759 0.16119 0.22197 0.18461 -1.151 -0.517 0.10192 0.16626 0.034875 -0.1584 0.6619 0.05
21.94 -0.0546 0.671 1.5181 1.0191 0.13701 0.18967 0.05807 -0.185 -0.907 0.03712 0.15834 0.051875 0.2224 0.8985 0.05
22.18 -0.497 1.241 1.3447 0.6349 0.13569 0.14037 0.09759 -0.461 1.505 0.12256 0.28326 0.074875 0.0144 0.9111 0.05
22.62 0.035 1.049 1.3855 1.8453 0.16059 0.27161 0.01627 0.463 0.107 0.06592 0.2685 0.078125 0.1456 0.9825 0.05
22.9 0.2114 1.405 0.0833 1.7161 0.15525 0.17879 0.02159 -0.0529999999999999 0.701 0.15424 0.17274 0.147375 0.456 0.6325 0.05
23.5 0.5838 0.799 1.3175 0.3391 0.14211 0.13629 0.10139 -1.601 0.197 0.18448 0.2613 0.115375 0.0848000000000001 0.4071 0.05
23.66 -0.3234 1.293 0.7531 1.7467 0.16479 0.29881 0.19449 -0.119 0.773 0.09136 0.19542 0.121625 -0.4304 0.5219 0.05
24.14 0.413 1.271 1.0829 0.6825 0.15033 0.20157 0.06567 0.583 -0.553 0.23296 0.2865 0.109625 0.6 0.9335 0.05
24.66 0.00419999999999998 1.439 0.5593 0.6519 0.14895 0.15295 0.17435 0.0909999999999997 1.295 0.21136 0.22206 0.064625 -0.7312 0.4169 0.05
24.94 -0.0741999999999999 1.203 1.6881 1.6073 0.14853 0.28895 0.13711 -0.503 -0.673 0.17392 0.15042 0.106625 0.7952 0.7529 0.05
25.46 0.1526 0.611 0.1275 0.3969 0.14997 0.19443 0.11849 -1.481 0.077 0.04912 0.2343 0.111875 -0.7504 0.8677 0.05
25.9 0.175 0.577 0.2601 1.3727 0.13851 0.13221 0.07365 -1.043 1.601 0.136 0.17562 0.058125 0.328 0.3413 0.05
26.26 -0.2982 0.839 0.6307 0.9987 0.14529 0.25733 0.01057 0.727 -0.793 0.1624 0.22062 0.083875 -0.648 0.3721 0.05
26.42 -0.6174 1.083 1.5929 0.5091 0.15795 0.26889 0.08733 -1.955 1.085 0.16528 0.20622 0.124125 -0.1904 0.8061 0.05
27.14 -0.5278 1.443 0.7157 0.9341 0.14061 0.20905 0.12685 -1.775 0.671 0.02176 0.14178 0.076125 -0.1104 0.4743 0.05
27.3 -0.567 0.975 0.1785 1.5019 0.15585 0.21823 0.16599 -1.241 1.847 0.23824 0.1479 0.092875 0.4368 0.7347 0.05
27.82 -0.5334 0.907 1.1101 0.7743 0.16233 0.16757 0.11203 0.229 -0.259 0.1168 0.1209 0.129375 -0.5552 0.5065 0.05
28.06 0.3794 0.813 0.8653 1.2163 0.16395 0.23285 0.10557 -1.397 1.733 0.09712 0.2919 0.126625 0.5712 0.5429 0.05
28.5 0.5978 1.187 0.2907 1.9745 0.15069 0.26583 0.12913 -0.821 0.227 0.09472 0.1911 0.047375 0.6448 0.3847 0.05
28.86 -0.231 1.367 0.5389 1.3217 0.15633 0.19783 0.16979 -0.221 0.923 0.06016 0.23682 0.027125 0.6128 0.9545 0.05
29.46 0.4326 0.849 1.6099 1.4407 0.15189 0.17131 0.09721 0.949 1.271 0.05632 0.2271 0.062375 -0.6032 0.5695 0.05
29.7 0.4606 0.745 0.3553 0.5873 0.14727 0.29269 0.15193 0.319 1.175 0.22048 0.24366 0.071875 0.1104 0.7165 0.05
10.06 0.0993999999999999 1.125 0.0085 0.5227 0.14235 0.20735 0.01855 -0.935 1.157 0.1384 0.23646 0.062625 -0.296 0.9055 0.05
10.66 0.651 1.061 1.5249 0.6111 0.15045 0.21789 0.05883 0.193 1.535 0.12592 0.1983 0.122375 0.7376 0.4981 0.05
11.06 -0.5502 0.711 0.7225 1.0905 0.14535 0.22775 0.04477 -0.911 -0.751 0.06352 0.29694 0.077125 0.4176 0.4155 0.05
11.38 -0.427 1.251 0.8755 0.9375 0.15201 0.23693 0.18081 -1.283 -0.805 0.07792 0.18642 0.146625 0.712 0.5989 0.05
11.86 0.161 0.753 0.8075 1.7399 0.14841 0.17913 0.16561 -0.0169999999999999 -0.685 0.04672 0.13314 0.100125 -0.5968 0.3931 0.05
12.38 -0.1526 0.787 0.5321 1.9031 0.13677 0.17233 0.15497 -0.563 0.827 0.01456 0.21378 0.032375 0.5776 0.7025 0.05
12.7 0.5726 0.989 1.0183 1.2095 0.16473 0.19953 0.14851 0.109 1.265 0.01888 0.19002 0.119875 -0.392 0.9279 0.05
13.14 -0.1694 1.207 0.6953 1.2639 0.15519 0.15975 0.02881 0.445 0.0409999999999999 0.08848 0.28218 0.136125 0.648 0.9489 0.05
13.26 0.287 1.475 0.3043 1.5223 0.13605 0.23897 0.13901 0.307 0.953 0.17872 0.20658 0.148375 0.2256 0.8971 0.05
13.78 0.4746 0.883 0.9367 0.4173 0.15303 0.21075 0.13369 -1.253 -0.313 0.23248 0.1533 0.050125 0.2992 0.9797 0.05
14.3 -0.6398 0.949 0.2329 1.9473 0.15447 0.26923 0.08429 -0.497 1.853 0.16768 0.27606 0.096375 -0.0432 0.4953 0.05
14.5 0.6958 1.323 1.3923 1.6175 0.13707 0.22129 0.08619 -1.811 0.641 0.07456 0.13494 0.085625 0.2192 0.6353 0.05
14.82 -0.343 0.637 0.3485 1.3421 0.15543 0.13935 0.19335 -0.509 0.887 0.22768 0.14322 0.134625 0.0688000000000001 0.6507 0.05
15.22 -0.2702 1.305 1.6745 1.1245 0.14775 0.16145 0.15839 -0.191 1.685 0.24736 0.2811 0.071625 0.3632 0.5443 0.05
15.66 0.231 1.409 1.2087 0.3799 0.15375 0.16825 0.12267 -1.157 -0.391 0.09232 0.25446 0.056125 -0.6448 0.3357 0.05
16.18 -0.0601999999999999 0.923 0.2635 0.5431 0.14187 0.27569 0.07099 -0.245 0.605 0.02272 0.12378 0.073625 -0.1392 0.3035 0.05
16.46 -0.5306 0.543 1.1135 0.8355 0.13821 0.28657 0.09493 0.361 1.493 0.20368 0.16914 0.080375 0.4144 0.7725 0.05
17.06 -0.0461999999999999 1.453 1.0659 1.6447 0.16065 0.25699 0.04857 -1.709 -0.823 0.14368 0.19218 0.130375 -0.4688 0.8131 0.05
17.38 -0.2226 0.809 0.7599 1.0599 0.16311 0.13527 0.01285 0.559 -0.109 0.1768 0.24258 0.083375 -0.7024 0.4309 0.05
17.86 0.3178 1.369 0.8993 1.9779 0.14379 0.19341 0.03109 -0.0589999999999999 1.709 0.15088 0.2307 0.044375 -0.552 0.3259 0.05
18.02 -0.413 1.095 1.4399 1.8861 0.14589 0.26515 0.19791 -1.217 -0.0309999999999999 0.2176 0.22026 0.048625 0.1712 0.9433 0.05
18.74 0.4242 0.597 0.9775 0.9511 0.14685 0.13323 0.18119 0.955 -0.565 0.1984 0.25698 0.090125 0.4528 0.6367 0.05
19.06 -0.6594 1.051 0.8245 1.6957 0.16089 0.25019 0.09987 0.703 0.119 0.04 0.1569 0.041125 -0.4848 0.8873 0.05
19.3 0.3374 0.617 1.1815 1.8555 0.16401 0.21177 0.03603 -0.431 -0.193 0.22384 0.17706 0.103375 0.6864 0.5737 0.05
19.74 0.5586 0.827 0.0527 1.8181 0.14721 0.22945 0.16675 -1.859 0.329 0.09808 0.26382 0.143625 -0.1616 0.7123 0.05
20.34 0.6146 1.117 0.0969 1.0327 0.15087 0.27875 0.05427 0.817 -0.913 0.10144 0.23214 0.105875 -0.5136 0.7571 0.05
20.7 -0.371 1.023 0.6477 0.3323 0.16245 0.29439 0.10405 -0.833 1.337 0.0712 0.29298 0.068875 0.504 0.8453 0.05
20.98 0.5222 0.519 1.5589 1.1687 0.14979 0.23251 0.01703 -0.773 0.713 0.15952 0.27246 0.060375 -0.7536 0.8285 0.05
21.3 0.637 1.185 0.4675 0.5805 0.15957 0.25563 0.11811 -0.653 1.937 0.19696 0.17814 0.099625 -0.728 0.4575 0.05
21.86 0.0294 0.537 0.5865 0.4785 0.15807 0.29745 0.06871 -1.469 -0.583 0.20896 0.24762 0.127625 -0.264 0.5331 0.05
22.02 -0.455 1.499 1.3209 1.0123 0.15135 0.15499 0.02501 -0.125 -0.505 0.11728 0.1623 0.046625 0.6352 0.5849 0.05
22.7 -0.5922 0.773 1.6507 0.7845 0.15663 0.26141 0.14129 -0.353 -0.949 0.1576 0.14142 0.059375 -0.0688 0.3553 0.05
23.02 -0.3094 1.431 0.1649 0.6689 0.14055 0.18287 0.12799 -1.661 1.091 0.17296 0.20226 0.137625 0.3248 0.3609 0.05
23.22 0.4914 1.273 0.4403 0.8797 0.14481 0.17573 0.17207 0.925 1.355 0.02608 0.26814 0.037375 -0.248 0.7473 0.05
23.9 -0.581 0.843 1.5861 1.4101 0.14313 0.20429 0.11241 -1.385 0.317 0.0592 0.28758 0.141875 -0.0144 0.9601 0.05
24.22 0.4186 0.653 1.4093 1.3863 0.14907 0.28181 0.07821 0.631 0.185 0.0304 0.25158 0.052875 0.552 0.4757 0.05
24.7 -0.105 0.669 0.5457 1.2333 0.15267 0.19035 0.18689 -1.913 0.743 0.23728 0.21054 0.025875 -0.4368 0.4407 0.05
24.9 -0.301 1.149 1.2733 1.4747 0.14409 0.14207 0.06073 0.649 1.811 0.03616 0.15186 0.124875 -0.1136 0.6689 0.05
25.54 0.1162 0.725 1.3311 0.6927 0.13527 0.16451 0.07973 -1.541 -0.277 0.08512 0.16338 0.112625 -0.7888 0.6115 0.05
25.98 -0.6734 1.019 1.0217 0.3561 0.16353 0.14683 0.11393 -0.293 0.419 0.184 0.18462 0.111375 0.1232 0.9923 0.05
26.18 0.1974 1.381 1.1475 0.4683 0.13797 0.28555 0.17397 -1.421 0.461 0.1096 0.24042 0.029875 0.2736 0.5583 0.05
26.74 0.021 1.167 0.6171 1.5427 0.15861 0.19545 0.06415 -1.997 1.631 0.05056 0.20478 0.034625 -0.3664 0.8733 0.05
27.06 -0.4942 0.683 0.4777 1.4475 0.13929 0.22265 0.12647 0.511 -0.0669999999999999 0.1888 0.29118 0.066625 -0.6384 0.7879 0.05
27.54 0.189 0.569 1.2257 1.5631 0.15723 0.29099 0.15421 -1.607 1.217 0.13024 0.12846 0.116625 0.0432 0.7305 0.05
27.86 0.0602 1.285 0.3825 1.6787 0.14157 0.24441 0.14661 0.259 1.421 0.21328 0.12018 0.038375 0.0272 0.6829 0.05
28.3 -0.2338 0.861 0.1071 1.3149 0.13995 0.24781 0.03793 -1.019 -0.451 0.12064 0.17382 0.078875 0.7984 0.8005 0.05
28.74 -0.00700000000000001 1.351 1.6235 1.7773 0.16173 0.15125 0.18993 -0.713 0.509 0.1144 0.2235 0.089125 -0.3312 0.5163 0.05
29.18 0.259 1.231 1.4943 0.7709 0.13905 0.27093 0.09189 0.073 1.007 0.24352 0.22638 0.127375 -0.2224 0.8565 0.05
29.42 0.3878 0.967 0.1989 0.8525 0.16011 0.14785 0.04401 -1.055 0.221 0.05536 0.14646 0.108375 0.1488 0.4113 0.05
29.66 -0.1274 0.903 0.3383 0.7403 0.15609 0.18695 0.10747 0.865 1.949 0.14896 0.26418 0.093125 0.52 0.3749 0.05
10.18 0.4214 0.791 0.8619 1.0463 0.16443 0.13085 0.10671 -0.659 0.893 0.13408 0.1443 0.101875 0.7152 0.6899 0.05
10.46 0.1806 0.533 1.1611 0.9307 0.14757 0.24475 0.01171 0.907 0.389 0.05728 0.2505 0.095375 -0.3408 0.8047 0.05
10.98 -0.441 0.869 1.1543 0.9953 0.15897 0.16485 0.14205 -0.707 1.613 0.14704 0.27462 0.103625 -0.7664 0.4505 0.05
11.58 0.6622 1.433 0.9877 1.3761 0.14565 0.19647 0.14699 0.943 -0.367 0.06544 0.23106 0.115875 -0.2416 0.4617 0.05
11.9 -0.651 1.151 0.2839 0.9477 0.13959 0.23999 0.13027 0.661 1.553 0.13792 0.14898 0.137375 -0.168 0.5541 0.05
12.18 -0.1806 0.887 0.3587 1.1449 0.14667 0.28929 0.19107 -1.373 0.233 0.0472 0.15798 0.054125 0.6192 0.5093 0.05
12.54 -0.119 1.071 0.2193 1.6719 0.13749 0.18593 0.01399 -0.299 -0.0549999999999999 0.1696 0.15978 0.058625 0.2832 0.3511 0.05
13.06 -0.4074 1.417 1.0353 0.8763 0.16419 0.21755 0.02615 0.805 0.191 0.21232 0.14862 0.094625 -0.152 0.5765 0.05
13.46 -0.5614 1.267 1.2529 0.6485 0.13857 0.22537 0.12495 0.217 0.377 0.08656 0.28038 0.044125 0.4624 0.3273 0.05
13.7 -0.2114 1.029 1.5963 0.5193 0.16251 0.26855 0.11887 -0.437 -0.103 0.03664 0.1839 0.126125 0.4048 0.9475 0.05
14.26 -0.0294 0.965 1.2019 1.9065 0.14601 0.29473 0.16751 0.595 1.103 0.17344 0.26166 0.123875 -0.6576 0.9209 0.05
14.42 0.581 0.719 0.4607 0.4751 0.14343 0.15907 0.09683 -1.619 1.079 0.21664 0.19038 0.042375 -0.5808 0.5261 0.05
15.18 0.2086 1.223 1.4909 1.2673 0.14811 0.14275 0.04173 -0.815 0.941 0.05824 0.12594 0.069625 -0.7088 0.4085 0.05
15.5 0.0462 1.387 0.8211 1.9711 0.15003 0.23829 0.19867 -0.377 1.667 0.2392 0.19614 0.073375 0.0304 0.3343 0.05
15.74 -0.483 1.291 1.3651 1.0531 0.14145 0.13833 0.18157 -0.599 -0.481 0.20032 0.18066 0.139125 -0.2128 0.8271 0.05
16.34 -0.6874 1.365 0.6511 1.5971 0.16281 0.20973 0.10937 -1.895 -0.433 0.2248 0.25842 0.061375 0.136 0.5905 0.05
16.7 -0.2478 1.349 0.9435 1.7501 0.13719 0.25393 0.04819 -0.881 -0.697 0.03088 0.26958 0.091875 0.0880000000000001 0.9041 0.05
17.14 0.5334 1.165 0.5491 1.2129 0.15627 0.15261 0.13331 0.877 1.205 0.2416 0.20946 0.031125 -0.4272 0.8859 0.05
17.22 0.4046 0.983 0.1105 1.0973 0.15183 0.14581 0.12077 -0.257 -0.541 0.0112 0.27714 0.057375 0.3312 0.9405 0.05
17.98 0.3346 1.489 0.2533 0.7267 0.16365 0.19103 0.06643 -0.455 0.0349999999999999 0.10384 0.20262 0.027375 0.5552 0.3679 0.05
18.18 0.3542 1.043 1.5555 1.4509 0.16095 0.28385 0.15269 0.391 -0.757 0.18736 0.26454 0.036875 0.1872 0.6997 0.05
18.5 -0.2562 1.317 0.5933 0.7437 0.14511 0.25801 0.19411 -0.545 1.313 0.08944 0.17598 0.045375 -0.7792 0.9685 0.05
18.86 -0.0182 0.639 1.0863 1.1823 0.13611 0.27399 0.05845 -1.547 0.665 0.24544 0.21666 0.133125 -0.3184 0.3133 0.05
19.22 0.6006 0.831 0.4131 1.9439 0.16017 0.27637 0.08011 -0.107 1.823 0.11392 0.21774 0.146875 0.0368000000000001 0.4799 0.05
19.7 0.1274 0.603 1.0897 0.6213 0.14241 0.19919 0.10481 -0.0349999999999999 1.397 0.208 0.28722 0.143375 0.7664 0.6605 0.05
20.26 -0.329 0.729 0.0119 1.7637 0.14871 0.25189 0.03983 0.481 0.095 0.232 0.22134 0.105625 0.1936 0.9783 0.05
20.66 -0.4494 1.085 0.1581 1.2299 0.15075 0.22027 0.03337 -1.727 1.817 0.02512 0.17166 0.117625 0.5328 0.7991 0.05
21.02 -0.0658 1.001 0.9027 0.5941 0.13557 0.23183 0.18727 -1.445 0.275 0.01696 0.23394 0.131125 -0.5072 0.3763 0.05
21.26 -0.609 0.641 0.4947 0.4003 0.15453 0.19137 0.05237 -1.247 -0.325 0.124 0.12162 0.082625 -0.472 0.8495 0.05
21.7 0.6426 1.135 1.4569 1.6991 0.16143 0.21245 0.11355 -1.985 0.0170000000000001 0.10672 0.28974 0.108625 -0.5296 0.6451 0.05
22.14 0.5306 0.751 1.3039 1.8827 0.14175 0.18423 0.08239 -1.475 -0.637 0.22864 0.16518 0.075375 0.1168 0.8999 0.05
22.66 -0.357 0.679 1.6371 0.8219 0.14097 0.13425 0.16447 -1.787 0.575 0.11632 0.16986 0.049875 0.44 0.5191 0.05
22.82 0.0881999999999999 0.503 0.3281 1.3183 0.15393 0.16281 0.07479 -1.091 -0.997 0.19024 0.29982 0.087375 -0.0559999999999999 0.4141 0.05
23.26 0.2982 0.925 1.6167 0.6757 0.15291 0.28283 0.03071 -1.037 1.991 0.16816 0.13098 0.087625 0.248 0.6283 0.05
23.78 0.6818 1.333 0.7939 1.6277 0.14001 0.27025 0.07137 0.751 1.499 0.14032 0.22746 0.065375 0.6992 0.7403 0.05
24.1 0.2618 0.817 0.6919 0.3663 0.14307 0.26107 0.02121 -1.667 1.223 0.07888 0.28506 0.038875 -0.072 0.7515 0.05
24.54 -0.2842 0.693 0.1853 1.5835 0.15729 0.17641 0.06149 0.409 1.703 0.02224 0.24546 0.050375 -0.3856 0.4939 0.05
24.98 0.0126000000000001 1.205 0.6341 1.8283 0.15147 0.15465 0.15611 -1.307 -0.247 0.09376 0.1875 0.141375 0.792 0.4295 0.05
25.42 -0.5166 1.477 1.2869 1.3965 0.14973 0.23523 0.15991 -1.109 1.901 0.16288 0.25374 0.113625 0.6544 0.8719 0.05
25.62 -0.1414 0.553 1.5283 1.5053 0.13863 0.24645 0.09835 0.571 0.533 0.03952 0.14034 0.128875 0.2928 0.5485 0.05
26.02 0.3766 0.775 0.3893 1.4611 0.15819 0.29133 0.08771 -0.167 -0.841 0.12928 0.12918 0.063625 -0.3696 0.3861 0.05
26.7 -0.1106 1.459 1.4127 0.4275 0.14889 0.26549 0.06947 -0.947 -0.919 0.18112 0.20442 0.081625 -0.6832 0.6759 0.05
27.18 -0.6426 0.913 1.3583 1.8589 0.15315 0.29779 0.14319 -1.199 0.737 0.09904 0.19398 0.032875 -0.2864 0.6101 0.05
27.5 0.0714 0.567 0.5151 1.3523 0.15507 0.17199 0.17701 -1.841 1.433 0.15568 0.24186 0.072125 -0.024 0.9965 0.05
27.9 -0.5474 1.109 0.0697 0.3051 0.14415 0.17811 0.13787 0.0789999999999997 -0.205 0.20608 0.2469 0.077625 0.488 0.6059 0.05
28.14 0.4802 1.193 0.0459 1.5393 0.13647 0.20361 0.09341 -0.761 0.821 0.06832 0.13746 0.110375 -0.6256 0.7137 0.05
28.58 -0.3906 0.941 1.6949 0.5601 0.15597 0.17029 0.04629 0.277 0.767 0.15184 0.23862 0.028375 0.3824 0.7739 0.05
28.94 0.4578 0.857 0.9605 0.8865 0.15699 0.14921 0.02425 0.151 0.467 0.19504 0.2127 0.148125 -0.5584 0.7823 0.05
29.5 0.2338 1.259 0.7565 0.4513 0.16071 0.22367 0.17891 0.0369999999999999 1.001 0.052 0.29442 0.121875 -0.1232 0.7207 0.05
29.62 0.1554 0.585 0.7259 0.7981 0.15939 0.20599 0.17283 0.331 -0.787 0.07696 0.15366 0.097625 0.5904 0.8369 0.05
10.38 -0.0518 0.571 0.0595 1.5359 0.16371 0.20837 0.11469 0.337 0.599 0.12016 0.24438 0.101125 0.5072 0.3973 0.05
10.58 0.2254 1.189 1.5147 0.5703 0.15639 0.24237 0.05921 -1.121 -0.955 0.1936 0.23178 0.091625 0.5968 0.4323 0.05
10.94 0.315 1.217 1.1373 1.0361 0.15015 0.17845 0.01019 0.547 1.307 0.13216 0.1677 0.055625 0.2672 0.9811 0.05
11.26 -0.6258 0.769 0.9095 0.9715 0.14247 0.20191 0.10215 -1.847 1.517 0.16576 0.19254 0.087875 0.568 0.3175 0.05
11.62 0.301 1.127 1.6269 0.9239 0.14847 0.25427 0.10633 0.397 1.025 0.09424 0.21954 0.026375 -0.6064 0.3581 0.05
12.26 -0.3542 1.429 0.5525 1.7739 0.15489 0.15057 0.14471 -0.827 0.287 0.15616 0.15618 0.051125 -0.5712 0.4001 0.05
12.58 -0.2058 1.157 1.3515 1.8385 0.16431 0.22673 0.08581 0.427 -0.709 0.03136 0.1821 0.131625 -0.1296 0.6213 0.05
13.18 -0.5894 1.283 0.6205 0.7505 0.15081 0.20497 0.03033 -1.799 -0.151 0.20656 0.25302 0.116875 -0.6896 0.7333 0.05
13.5 0.0406000000000001 0.657 0.5219 1.3625 0.14451 0.28453 0.18233 0.967 -0.463 0.19744 0.18858 0.038125 -0.1776 0.7151 0.05
13.94 -0.3794 0.601 1.2563 0.5907 0.15441 0.19205 0.06681 0.883 -0.0489999999999999 0.23104 0.18786 0.141125 -0.2576 0.8145 0.05
14.02 -0.1666 1.041 0.8483 1.3319 0.14049 0.16077 0.04591 -1.751 0.815 0.01984 0.26598 0.033125 -0.4048 0.7795 0.05
14.74 0.5082 0.635 0.4981 1.4951 0.14163 0.26345 0.15231 -1.277 0.323 0.04432 0.28938 0.071125 -0.0848 0.3007 0.05
14.9 0.119 0.755 0.2159 1.5597 0.15675 0.29915 0.01513 -1.493 0.947 0.22624 0.15438 0.086625 0.1072 0.6913 0.05
15.34 -0.3206 1.173 0.3689 0.8389 0.13827 0.14819 0.18575 0.205 0.173 0.10288 0.29658 0.122125 -0.4624 0.5233 0.05
15.82 0.427 1.485 0.7191 1.2367 0.16497 0.13765 0.11773 -1.097 0.863 0.20944 0.27426 0.093375 0.36 0.7683 0.05
16.3 0.1862 0.705 0.4199 0.8083 0.14703 0.16859 0.13673 -1.967 -0.937 0.11296 0.12126 0.107875 0.424 0.6479 0.05
16.78 0.3654 1.105 0.9741 1.6141 0.13587 0.29643 0.09607 0.829 -0.169 0.18544 0.27786 0.134375 0.4496 0.5373 0.05
17.18 -0.1358 1.463 0.9299 0.9851 0.14361 0.14071 0.08087 0.625 0.647 0.24208 0.17742 0.147875 0.6256 0.5415 0.05
17.42 -0.6762 0.699 1.0319 1.6617 0.14127 0.22877 0.12229 -0.929 1.787 0.23872 0.22242 0.076875 -0.6096 0.9321 0.05
17.74 0.6594 0.821 1.2053 0.3493 0.13935 0.27705 0.03831 -0.347 -0.295 0.17056 0.14754 0.096875 -0.6512 0.6941 0.05
18.38 0.1582 1.235 1.3107 0.8593 0.14631 0.28963 0.01779 -0.791 1.229 0.01264 0.27066 0.097875 0.7888 0.6731 0.05
18.58 0.609 0.811 1.5453 1.7365 0.14925 0.24883 0.13407 -1.313 1.637 0.07168 0.1785 0.028625 -0.12 0.9629 0.05
18.82 0.4102 1.033 0.3247 1.3999 0.14019 0.15805 0.02349 -0.317 1.955 0.05968 0.24078 0.136875 0.1296 0.3819 0.05
19.58 -0.6678 1.091 1.3889 1.1959 0.13875 0.26719 0.03565 -0.467 0.257 0.07984 0.19794 0.145875 -0.3472 0.3329 0.05
19.82 0.6314 0.667 1.0591 1.1041 0.16053 0.28113 0.15041 -0.617 -0.643 0.12832 0.23826 0.126375 -0.0176000000000001 0.9937 0.05
20.22 -0.5754 0.507 1.6915 1.8147 0.15321 0.18559 0.05313 0.0490000000000004 -0.349 0.13696 0.2163 0.041375 -0.2512 0.5751 0.05
20.42 0.3626 0.845 0.7701 0.3697 0.15921 0.13561 0.15649 0.157 0.425 0.04096 0.15114 0.081375 -0.7248 0.6535 0.05
21.06 0.5698 1.393 0.3791 0.4139 0.14955 0.21687 0.19297 -0.899 1.931 0.16336 0.17238 0.047625 0.2544 0.7375 0.05
21.38 0.273 1.261 1.4875 1.7025 0.15177 0.17403 0.19753 -0.0289999999999999 -0.253 0.24832 0.13242 0.078625 -0.0528 0.8747 0.05
21.62 -0.189 0.781 1.0999 0.3187 0.15219 0.17437 0.17815 -1.583 1.373 0.05152 0.2595 0.123125 0.7056 0.7977 0.05
22.38 -0.4466 1.339 0.8007 0.6077 0.15747 0.18321 0.07783 0.487 1.745 0.01744 0.21018 0.031375 0.216 0.4827 0.05
22.42 -0.4718 1.341 1.0149 0.6451 0.16215 0.26243 0.19145 -1.565 0.755 0.14656 0.29334 0.068125 -0.3536 0.4687 0.05
22.86 0.6874 0.991 0.5797 1.9983 0.16155 0.19477 0.02577 -1.193 -0.619 0.064 0.20766 0.061125 0.0112 0.6003 0.05
23.42 -0.0154 1.445 1.3957 1.4543 0.13539 0.24101 0.16903 -1.001 0.455 0.028 0.16014 0.129125 0.0592 0.8649 0.05
23.98 0.5502 0.973 1.2835 1.6311 0.13755 0.14411 0.11127 -0.161 -0.0129999999999999 0.11008 0.2847 0.054625 0.6608 0.8579 0.05
24.02 -0.511 1.313 0.1887 1.1415 0.15417 0.25903 0.16295 -0.527 -0.847 0.21184 0.16482 0.106875 0.4112 0.3483 0.05
24.58 -0.2898 1.413 0.8789 1.9303 0.15969 0.21415 0.13939 -0.695 1.061 0.08704 0.28578 0.103125 -0.7696 0.9573 0.05
25.06 -0.4046 0.957 1.6337 0.7165 0.15867 0.23795 0.09303 -1.379 0.089 0.09664 0.12558 0.045625 0.5232 0.8929 0.05
25.34 0.0266000000000001 1.013 0.0221 0.4649 0.13635 0.27127 0.17093 -0.137 0.0230000000000001 0.03424 0.24834 0.064125 0.344 0.8299 0.05
25.78 -0.4914 0.939 0.0901 0.5125 0.15831 0.25155 0.06757 0.691 0.527 0.12448 0.27966 0.113875 -0.5328 0.8397 0.05
26.3 -0.2506 1.257 1.4365 1.9371 0.15591 0.23455 0.12571 0.763 0.719 0.17488 0.26058 0.065625 0.744 0.4127 0.05
26.62 -0.5418 0.557 0.6647 0.4819 0.14571 0.27331 0.17587 -0.389 1.523 0.1432 0.12738 0.118875 0.0720000000000001 0.5807 0.05
27.02 0.497 0.915 1.5895 1.4883 0.14517 0.16621 0.04363 -1.427 1.403 0.18064 0.13818 0.137875 -0.1936 0.6241 0.05
27.34 -0.0686 0.881 0.1411 1.8963 0.15279 0.15567 0.12951 0.253 1.169 0.05344 0.1425 0.111125 0.1904 0.9139 0.05
27.74 -0.0994 0.535 0.2567 0.8831 0.14655 0.13255 0.07251 0.745 -0.775 0.0856 0.22566 0.073125 0.3056 0.4673 0.05
28.38 0.4718 1.069 1.1883 1.0803 0.14301 0.22435 0.10025 -1.685 -0.403 0.22576 0.25518 0.035875 -0.4816 0.4449 0.05
28.7 0.203 0.873 0.1173 1.1721 0.16137 0.18865 0.16143 -1.889 1.115 0.15376 0.20406 0.144125 -0.4464 0.4967 0.05
28.9 -0.2758 1.361 0.2941 0.7063 0.13725 0.19817 0.05997 -0.209 -0.523 0.18832 0.13458 0.058875 -0.3152 0.7613 0.05
29.38 0.0574 0.733 0.7021 1.2877 0.16287 0.22061 0.04895 -0.0109999999999999 1.859 0.21904 0.23142 0.084375 0.7024 0.9195 0.05
29.9 0.105 0.599 0.4539 1.2571 0.14793 0.29167 0.08657 -0.665 1.661 0.07264 0.19938 0.043875 -0.7632 0.5611 0.05
10.34 -0.259 0.615 1.6439 1.1007 0.15783 0.20565 0.18195 0.235 -0.283 0.04624 0.2487 0.091375 -0.0272 0.4253 0.05
10.7 0.343 0.893 0.8109 1.9337 0.15339 0.26957 0.11279 -1.823 -0.187 0.18784 0.15582 0.102875 -0.5616 0.3959 0.05
11.1 0.1666 1.163 1.2903 0.9273 0.14007 0.18083 0.04933 0.121 -0.961 0.0808 0.13278 0.142125 -0.0656 0.7235 0.05
11.3 -0.6902 1.389 1.4331 0.9783 0.14385 0.21857 0.12191 -1.937 1.133 0.0424 0.25194 0.098625 0.3536 0.6801 0.05
11.74 0.595 0.761 1.5351 1.9167 0.14091 0.21143 0.09645 0.733 0.635 0.1864 0.18102 0.067125 0.4688 0.7767 0.05
12.02 0.511 0.931 0.0799 1.3795 0.14835 0.23047 0.18803 -1.085 1.019 0.12352 0.1371 0.093875 0.3152 0.9993 0.05
12.5 0.0518000000000001 1.225 0.6001 1.0769 0.14763 0.27943 0.06795 -0.875 1.643 0.24448 0.24222 0.139625 0.6672 0.4715 0.05
12.98 -0.3346 0.633 0.8585 1.2843 0.13617 0.14173 0.10709 -0.227 1.841 0.14512 0.16194 0.034375 -0.376 0.6143 0.05
13.38 0.6538 0.947 0.3927 1.4203 0.16179 0.25325 0.15079 -0.089 1.439 0.05584 0.29154 0.050625 -0.216 0.6409 0.05
13.86 -0.0966 0.709 1.1305 0.8933 0.14547 0.15397 0.04021 -1.103 -0.493 0.16912 0.2775 0.025625 0.6224 0.8019 0.05
14.22 0.553 0.835 0.1309 0.8253 0.15873 0.16383 0.01969 -1.679 -0.223 0.11344 0.2325 0.131875 0.0528000000000001 0.7459 0.05
14.7 0.2058 0.999 0.7293 0.3731 0.15501 0.24611 0.14091 0.505 -0.529 0.22528 0.25806 0.080875 -0.792 0.8411 0.05
14.94 0.1694 0.737 0.1717 1.3387 0.16389 0.24203 0.08125 0.997 -0.139 0.19552 0.12234 0.132625 0.1424 0.7039 0.05
15.38 -0.6286 1.249 0.7667 1.1789 0.15207 0.19273 0.19487 0.799 -0.691 0.1192 0.1929 0.060125 0.4432 0.9741 0.05
15.86 -0.1834 1.493 1.6779 0.8015 0.15963 0.27467 0.10899 0.565 1.763 0.16432 0.2181 0.055875 0.3952 0.7543 0.05
16.26 0.4942 1.277 1.2189 1.2469 0.16227 0.21279 0.16827 -1.337 0.209 0.20512 0.17058 0.036375 0.7312 0.4463 0.05
16.54 -0.2142 0.785 1.3821 1.7909 0.15465 0.28827 0.05655 -0.737 1.211 0.02656 0.14394 0.108875 0.5648 0.8257 0.05
17.02 -0.5082 1.363 0.0357 1.6855 0.14697 0.19715 0.14585 0.0550000000000002 1.367 0.03856 0.20514 0.077375 0.696 0.3735 0.05
17.5 -0.3626 0.547 0.4573 0.3085 0.14607 0.19069 0.13065 -1.805 0.779 0.1792 0.2937 0.113125 -0.2448 0.4337 0.05
17.78 -0.0266000000000001 1.437 0.2465 0.7233 0.15063 0.16723 0.01323 -0.0229999999999999 0.515 0.08224 0.29946 0.096125 -0.4208 0.3539 0.05
18.3 0.4466 1.297 0.6817 0.5771 0.14943 0.13867 0.07631 0.655 1.547 0.14272 0.12882 0.064875 0.2352 0.3665 0.05
18.66 -0.5978 1.009 0.3349 1.8419 0.15009 0.13119 0.06111 -0.797 -0.835 0.0496 0.18894 0.105375 -0.5168 0.7627 0.05
18.94 -0.4438 0.573 0.5049 1.7297 0.13653 0.28215 0.16067 -1.577 0.161 0.0688 0.22674 0.100375 -0.3984 0.8481 0.05
19.34 0.1106 1.219 1.3549 0.4479 0.14151 0.15839 0.17777 -1.271 0.395 0.0136 0.14682 0.046125 -0.2736 0.8103 0.05
19.86 -0.399 1.183 1.1849 1.4577 0.15129 0.26005 0.04097 0.847 -0.0069999999999999 0.0328 0.12702 0.043375 0.1008 0.3161 0.05
20.3 -0.6622 0.917 1.6133 0.6723 0.15945 0.17369 0.03375 -0.587 0.725 0.0736 0.2631 0.084625 -0.664 0.8803 0.05
20.46 0.623 1.441 0.0289 1.1279 0.13689 0.24271 0.08277 -1.949 0.845 0.10816 0.21234 0.048125 0.2576 0.5177 0.05
20.9 0.3038 1.461 0.8449 0.7607 0.14439 0.26413 0.06605 -1.463 0.917 0.0664 0.22926 0.146125 -0.6 0.9559 0.05
21.58 0.3318 0.525 0.9231 0.3425 0.16047 0.20089 0.09949 -0.533 1.925 0.1048 0.16878 0.058375 0.3472 0.9419 0.05
21.9 0.399 1.357 1.5725 1.4271 0.13533 0.13459 0.02957 -0.803 0.0649999999999999 0.2104 0.24474 0.088625 -0.3056 0.5877 0.05
22.26 0.469 0.647 1.4977 0.8627 0.16113 0.15363 0.08847 -0.953 -0.715 0.15664 0.18534 0.039375 -0.6928 0.5023 0.05
22.46 -0.4886 1.057 0.6749 1.1925 0.15645 0.18661 0.04515 -0.359 1.757 0.24688 0.1587 0.143125 -0.7184 0.5667 0.05
23.06 -0.2422 1.075 1.4773 0.4105 0.14193 0.21721 0.19943 0.0129999999999999 0.281 0.19984 0.19866 0.128125 0.7728 0.4869 0.05
23.58 -0.3038 0.747 0.3723 1.5733 0.13971 0.17471 0.01665 -0.413 1.475 0.13168 0.28686 0.125875 0.5104 0.8887 0.05
23.94 0.5866 1.099 1.1203 1.6243 0.15693 0.28589 0.07175 -1.439 1.067 0.23536 0.26994 0.054375 0.2 0.9251 0.05
24.34 -0.1582 1.123 0.5559 0.4887 0.16335 0.20327 0.15535 -1.205 -0.763 0.01504 0.22314 0.073875 0.7472 0.5317 0.05
24.78 -0.1302 0.593 1.0625 1.5529 0.14337 0.22843 0.16523 -0.995 1.319 0.12976 0.28398 0.032125 0.6064 0.4029 0.05
25.18 0.6986 0.661 0.9163 1.0021 0.13773 0.22333 0.17321 -0.677 0.965 0.21808 0.16662 0.117375 -0.6352 0.6661 0.05
25.26 0.3822 0.847 1.2427 1.8657 0.16263 0.18185 0.14813 0.289 0.611 0.09328 0.14106 0.135875 0.024 0.3091 0.05
25.74 -0.5362 1.031 0.1615 0.5397 0.14259 0.14989 0.17511 0.181 1.595 0.088 0.18354 0.119125 -0.1648 0.8635 0.05
26.34 0.133 1.411 0.4335 1.3115 0.14709 0.17063 0.19183 -1.349 -0.901 0.16144 0.28002 0.120875 -0.3216 0.5471 0.05
26.78 -0.0322 0.505 0.6239 1.0225 0.15573 0.29949 0.11735 0.457 0.101 0.05872 0.26706 0.149875 0.0784 0.6045 0.05
26.94 -0.0798 1.327 0.5185 1.8215 0.13809 0.26821 0.12761 0.637 1.979 0.14992 0.25482 0.112375 -0.4496 0.6297 0.05
27.38 -0.385 1.315 0.2091 1.9949 0.14931 0.23625 0.05275 -0.269 -0.427 0.23056 0.2091 0.040375 -0.1456 0.5527 0.05
27.78 0.2478 0.977 0.9639 1.7093 0.13911 0.23421 0.10177 0.373 -0.097 0.0208 0.21702 0.028125 -0.5008 0.9153 0.05
28.1 -0.5726 1.111 0.2873 0.5057 0.15297 0.29609 0.02197 -1.631 0.497 0.09952 0.17454 0.067875 -0.104 0.6521 0.05
28.62 0.2674 0.681 1.2937 0.6383 0.14463 0.25597 0.02539 -0.155 -0.595 0.17776 0.15222 0.079125 0.5392 0.4645 0.05
29.06 -0.469 0.863 0.9979 1.5155 0.16461 0.24917 0.13635 -1.739 -0.397 0.23584 0.20046 0.124625 0.1744 0.7179 0.05
29.58 0.0182 0.803 1.0523 1.6345 0.15741 0.14377 0.13521 0.937 0.341 0.21568 0.2379 0.072375 -0.04 0.9643 0.05
29.78 0.0826000000000001 1.141 1.4263 0.6893 0.15387 0.28997 0.09113 -0.485 1.241 0.13744 0.27174 0.085375 -0.7472 0.3301 0.05
10.02 -0.287 0.713 1.1339 1.3829 0.14865 0.19001 0.09455 0.913 1.883 0.20992 0.20082 0.121125 0.0464 0.3371 0.05
10.78 -0.1554 0.797 0.6885 0.4581 0.15813 0.19171 0.13977 0.271 -0.991 0.14128 0.15294 0.062125 0.4272 0.4043 0.05
11.02 0.1498 0.987 0.8823 1.1211 0.16101 0.26277 0.02311 -1.991 -0.301 0.12544 0.2199 0.033875 0.3216 0.9069 0.05
11.5 -0.3962 1.435 0.6613 1.7875 0.14523 0.28419 0.09037 -1.589 1.325 0.08368 0.16554 0.093625 -0.3728 0.5051 0.05
11.98 -0.1022 1.287 0.1955 0.7675 0.16407 0.25835 0.15953 -1.763 0.989 0.19216 0.1515 0.104625 0.6032 0.6493 0.05
12.22 0.0658000000000001 0.819 1.2597 0.5329 0.13671 0.14241 0.12457 0.985 -0.163 0.05488 0.23466 0.070875 -0.3088 0.7851 0.05
12.66 -0.2282 0.591 0.5831 0.9409 0.13743 0.26209 0.08505 -0.869 0.071 0.1336 0.1227 0.035625 -0.456 0.8789 0.05
12.86 0.1302 1.101 0.1207 0.6995 0.14073 0.29983 0.16485 -0.647 0.311 0.17104 0.29478 0.117125 -0.1872 0.6549 0.05
13.54 -0.2002 1.481 0.5729 0.4921 0.14295 0.13187 0.03641 -1.145 0.581 0.15328 0.13134 0.102375 -0.0336000000000001 0.7277 0.05
13.62 -0.0714 1.191 0.4063 1.9813 0.15759 0.24747 0.04249 0.379 -0.115 0.09568 0.28182 0.052375 -0.744 0.7361 0.05
14.38 0.5026 0.735 1.4501 0.8321 0.16275 0.18389 0.19715 -1.535 1.607 0.12112 0.16266 0.091125 -0.1264 0.4183 0.05
14.78 0.2506 0.825 0.9571 0.6553 0.15717 0.28793 0.04667 0.811 0.653 0.244 0.20874 0.082125 0.6288 0.8663 0.05
15.02 0.329 1.403 1.1645 1.5903 0.13941 0.15703 0.17245 -1.223 0.0110000000000001 0.15808 0.22782 0.046375 -0.632 0.8341 0.05
15.42 0.6258 1.035 0.2975 0.5839 0.14493 0.21959 0.06833 -0.00499999999999989 1.145 0.08752 0.27678 0.064375 0.7248 0.3105 0.05
15.98 -0.6034 1.131 0.6375 0.3119 0.15363 0.14649 0.15459 -1.511 1.379 0.19264 0.2361 0.027625 -0.00800000000000001 0.5205 0.05
16.02 0.2926 0.953 1.5623 1.6583 0.14421 0.24543 0.05579 -0.845 1.877 0.13504 0.28434 0.138375 0.1552 0.9167 0.05
16.74 -0.0406000000000001 0.891 0.0935 1.9269 0.14391 0.25121 0.13141 -1.049 -0.613 0.22144 0.21306 0.037875 0.7856 0.5779 0.05
16.94 -0.4662 0.877 1.3753 1.3251 0.16491 0.28011 0.11659 -0.689 1.253 0.06496 0.26238 0.067625 0.4976 0.3217 0.05
17.26 0.567 0.763 1.6405 1.5563 0.14625 0.19987 0.14509 -1.655 -0.679 0.16624 0.26022 0.110875 0.4784 0.3693 0.05
17.66 0.525 1.161 0.7837 1.8793 0.14913 0.22911 0.09911 0.325 -0.781 0.07312 0.15726 0.114125 0.76 0.9447 0.05
18.1 -0.5558 0.527 1.0285 1.2707 0.15159 0.15737 0.13559 -1.031 -0.073 0.23344 0.23034 0.098375 0.5744 0.9979 0.05
18.46 -0.5838 0.655 1.6813 0.7947 0.14205 0.20701 0.10823 -1.289 1.049 0.09856 0.12414 0.148875 -0.0751999999999999 0.7907 0.05
19.1 -0.2534 1.047 1.3413 0.6145 0.15885 0.19681 0.16941 0.517 1.997 0.1744 0.25626 0.089875 -0.3504 0.9839 0.05
19.46 0.4522 0.625 0.0493 1.1109 0.16359 0.17709 0.10443 -0.923 0.749 0.22816 0.1281 0.074375 -0.5936 0.7053 0.05
19.66 0.5418 0.563 0.5355 1.4237 0.14253 0.27501 0.04971 0.127 0.707 0.21952 0.2451 0.053875 -0.6416 0.3777 0.05
20.1 -0.623 0.697 0.0255 1.2061 0.16029 0.16519 0.15383 -1.361 0.809 0.01408 0.19506 0.122625 0.0944 0.5513 0.05
20.54 0.00700000000000001 1.245 1.2359 0.3459 0.15471 0.20225 0.19563 -1.925 -0.535 0.08128 0.24978 0.131375 -0.3952 0.8313 0.05
20.94 0.4354 0.901 1.2223 0.9545 0.13581 0.21109 0.18917 -0.179 1.193 0.10912 0.1461 0.025125 0.6928 0.6171 0.05
21.46 0.371 0.677 0.7361 0.8695 0.15657 0.27773 0.02995 -0.479 0.557 0.03472 0.14466 0.128625 -0.536 0.9587 0.05
21.66 0.0378000000000001 1.311 1.3243 1.2197 0.15567 0.29405 0.14927 0.721 0.401 0.21616 0.1389 0.059125 -0.568 0.4393 0.05
22.06 -0.5026 1.395 0.4505 1.8045 0.15333 0.18049 0.11165 0.607 0.083 0.2008 0.17994 0.140875 -0.4944 0.8943 0.05
22.58 0.2786 0.509 0.3655 1.9643 0.13983 0.14717 0.08163 -0.0469999999999999 0.149 0.1024 0.1731 0.136625 -0.2672 0.4925 0.05
23.1 -0.679 0.749 0.8891 0.9001 0.15531 0.22707 0.11621 -1.187 -0.931 0.07216 0.27138 0.030875 -0.6736 0.6717 0.05
23.46 0.2226 1.081 0.2397 1.6821 0.14733 0.13799 0.18347 0.0609999999999999 1.673 0.23632 0.27102 0.079375 0.3728 0.5891 0.05
23.86 0.3934 1.451 0.2261 1.1653 0.14769 0.15329 0.01361 0.175 -0.343 0.02128 0.18678 0.040875 -0.2192 0.7081 0.05
24.18 -0.5194 0.971 1.0761 1.6005 0.13509 0.16247 0.01931 0.667 0.353 0.20224 0.22278 0.044625 0.3088 0.5653 0.05
24.62 -0.6454 0.619 0.7633 0.4207 0.14649 0.18729 0.06491 0.415 1.469 0.04816 0.18966 0.087125 -0.7056 0.3945 0.05
24.86 0.6846 1.275 1.6303 0.3765 0.15057 0.26651 0.07593 -0.551 -0.829 0.06208 0.19758 0.066875 0.3888 0.6269 0.05
25.58 -0.3878 1.215 1.0013 1.2911 0.13815 0.21483 0.18613 0.577 -0.439 0.11584 0.29838 0.109875 0.5424 0.8159 0.05
25.82 0.0965999999999999 0.855 0.1479 1.4033 0.15231 0.29235 0.17853 0.871 0.905 0.0184 0.1695 0.076375 0.1968 0.6017 0.05
26.38 0.6706 1.233 0.3213 0.7199 0.16197 0.16995 0.08923 -0.335 -0.265 0.18208 0.29082 0.083125 -0.4432 0.4785 0.05
26.58 -0.3262 1.467 1.0931 1.7127 0.16005 0.21653 0.05541 -1.865 0.203 0.03232 0.21594 0.097375 0.664 0.7487 0.05
26.82 -0.0126000000000001 0.921 0.4165 1.0429 0.13713 0.23591 0.01475 -1.757 -0.727 0.11536 0.2649 0.145125 -0.2256 0.6843 0.05
27.58 -0.1946 1.073 1.5657 1.7433 0.13887 0.22401 0.17549 -0.779 1.739 0.16192 0.18318 0.132875 0.264 0.3455 0.05
27.94 0.3514 0.541 1.5045 1.0667 0.15933 0.13391 0.07213 -0.581 0.443 0.04192 0.24906 0.106125 0.2512 0.7697 0.05
28.34 0.6034 1.347 0.4913 1.4645 0.15111 0.24169 0.12343 -1.433 1.769 0.18592 0.1749 0.126875 0.1136 0.9377 0.05
28.42 -0.4354 1.325 0.9401 0.5567 0.15261 0.23319 0.02767 -0.407 0.959 0.2464 0.28614 0.118125 0.184 0.5289 0.05
29.14 -0.1246 1.143 0.8347 1.8317 0.16257 0.17301 0.03907 -0.287 1.577 0.14608 0.1353 0.048875 0.00480000000000003 0.4547 0.05
29.26 0.1834 1.003 1.4739 1.5189 0.14961 0.25359 0.13445 -0.083 -0.511 0.05008 0.24006 0.142875 -0.7856 0.4491 0.05
29.86 -0.3458 1.371 1.4059 0.9919 0.14121 0.27195 0.06301 -0.239 1.457 0.02896 0.2055 0.055125 -0.1488 0.8551 0.05
